Selection Sort
2^,N,Microseconds, , , , , , , , , , Average
8, 256, 644228, 309752, 95631, 96098, 96098, 95165, 95165, 94699, 95165, 95631, 171763
9, 512, 345205, 346139, 345672, 344272, 344739, 343806, 343806, 345672, 347071, 345205, 345158
10, 1024, 1301517, 1297785, 1299651, 1299184, 1298718, 1300584, 1296853, 1302450, 1296386, 1305716, 1299884
11, 2048, 5005010, 5005943, 5009209, 5017606, 5010608, 5007809, 5024137, 5007809, 5006876, 5025070, 5012007
12, 4096, 19631918, 19631451, 19669704, 19615590, 19622588, 19616524, 19632851, 19625387, 19623521, 19623521, 19629305


Insertion Sort
2^,N,Microseconds, , , , , , , , , , Average
8, 256, 507079, 371796, 44317, 41518, 42451, 41518, 38719, 41052, 43851, 42918, 121521
9, 512, 154876, 163739, 148812, 154875, 157209, 151610, 156741, 153943, 166539, 163739, 157208
10, 1024, 581718, 629767, 603643, 610640, 636297, 615772, 602243, 592913, 608307, 612506, 609380
11, 2048, 2484545, 2444427, 2410373, 2443493, 2403376, 2421102, 2418303, 2392179, 2421102, 2396844, 2423574
12, 4096, 9553790, 9584578, 9702601, 9808028, 9651286, 9688139, 9483349, 9676011, 9576182, 9644289, 9636825


Heap Sort
2^,N,Microseconds, , , , , , , , , , Average
8, 256, 962843, 94698, 79771, 79771, 79304, 79304, 81169, 79303, 79304, 79304, 169477
9, 512, 133884, 122222, 122221, 122221, 123154, 121289, 120822, 120822, 120821, 120355, 122781
10, 1024, 264036, 263569, 267767, 267301, 264968, 265902, 267768, 263569, 263568, 266835, 265528
11, 2048, 577986, 590114, 584050, 590581, 586383, 584516, 574721, 582184, 580784, 590115, 584143
12, 4096, 1251602, 1251602, 1253002, 1261866, 1251136, 1253935, 1254401, 1261399, 1259533, 1252536, 1255101


Merge Sort
2^,N,Microseconds, , , , , , , , , , Average
8, 256, 390455, 239778, 56912, 54580, 49449, 49915, 49449, 52713, 49915, 49915, 104308
9, 512, 121754, 119889, 115224, 118489, 120822, 114291, 124087, 129219, 108693, 110092, 118256
10, 1024, 262636, 263569, 251907, 274298, 273365, 247241, 267768, 254706, 257971, 260304, 261376
11, 2048, 2324071, 414246, 419378, 422177, 411448, 419378, 406316, 404450, 439904, 410981, 607234
12, 4096, 2052572, 880740, 874209, 870011, 1385019, 868611, 865346, 864879, 866745, 1143376, 1067150


Quick Sort
2^,N,Microseconds, , , , , , , , , , Average
8, 256, 276631, 45249, 43850, 43851, 48516, 45250, 47582, 61577, 21925, 20993, 65542
9, 512, 49448, 46183, 46649, 46649, 45250, 45250, 46183, 45717, 47115, 44783, 46322
10, 1024, 100762, 102163, 97963, 97964, 98897, 95632, 98897, 98896, 101229, 104961, 99736
11, 2048, 210855, 214121, 222051, 216453, 225316, 217386, 214120, 215054, 225783, 228115, 218925
12, 4096, 487953, 470226, 478623, 471158, 484687, 478156, 483288, 466027, 479555, 465094, 476476


