Selection Sort
2^,N,Microseconds, , , , , , , , , , Average
8, 256, 644694, 308819, 96564, 94698, 94232, 96098, 95632, 109626, 96098, 96098, 173255
9, 512, 347071, 347071, 346138, 345672, 347071, 344273, 343806, 346138, 346605, 342406, 345625
10, 1024, 1297786, 1304316, 1304783, 1295453, 1297319, 1297319, 1298719, 1301517, 1299184, 1299651, 1299604
11, 2048, 5016673, 5006876, 5009209, 5013873, 5017139, 5038131, 5019005, 5019938, 5014807, 5009209, 5016486
12, 4096, 19658508, 19647313, 19662706, 19627253, 19634251, 19635183, 19621188, 19646846, 19634251, 19616057, 19638355
13, 8192, 77559697, 77599349, 77570893, 77555498, 77572759, 77579290, 77569027, 77586288, 77547569, 77566694, 77570706
14, 16384, 308326631, 308266454, 308215139, 308266921, 308384477, 308350889, 308252459, 308358819, 308234732, 308315436, 308297195
15, 32768, 1229086624, 1229121611, 1228765210, 1228756347, 1232951057, 1230761336, 1229265291, 1229212111, 1228895362, 1229114147, 1229592909
16, 65536, 4906353736, 4906136350, 4905183304, 4904699550, 4905641868, 4906680282, 4906599112, 4906591182, 4906162007, 4906438638, 4906048602


Insertion Sort
2^,N,Microseconds, , , , , , , , , , Average
8, 256, 492617, 372262, 41984, 41518, 39652, 41051, 41051, 41518, 41517, 44317, 119748
9, 512, 154876, 154409, 158142, 153010, 154409, 158141, 152077, 149278, 162339, 167471, 156415
10, 1024, 607375, 602243, 623236, 619504, 589181, 619504, 623702, 649359, 600378, 627434, 616191
11, 2048, 2410839, 2433697, 2423434, 2381916, 2541924, 2497140, 2382850, 2434630, 2441628, 2428566, 2437662
12, 4096, 9557055, 9671813, 9573382, 9592508, 9878002, 9736655, 9553789, 9836018, 9630294, 9642889, 9667240
13, 8192, 38602348, 38219823, 38450737, 38454003, 38154980, 38532374, 38399423, 38168042, 38629871, 38256210, 38386781
14, 16384, 154928132, 151927645, 154800779, 154210665, 153927036, 154073049, 152051266, 153969021, 152540151, 153121868, 153554961
15, 32768, 616123793, 613701757, 612285950, 614160321, 610819760, 608925329, 610774044, 611940744, 612348460, 614384704, 612546486
16, 65536, 2446439534, 2448933876, 2457342890, 2445210324, 2452385928, 2435897711, 2436715474, 2437000969, 2438991030, 2456446755, 2445536449


Heap Sort
2^,N,Microseconds, , , , , , , , , , Average
8, 256, 933454, 93765, 80703, 80703, 79770, 80237, 80237, 79771, 80703, 79304, 166864
9, 512, 134350, 119889, 121288, 122221, 122222, 120355, 121288, 119889, 122221, 121289, 122501
10, 1024, 263569, 267301, 262636, 265435, 266368, 264036, 265435, 265902, 265435, 266834, 265295
11, 2048, 578452, 576586, 575653, 577053, 581718, 575187, 580784, 576120, 577519, 585916, 578498
12, 4096, 1257666, 1257200, 1296386, 1252535, 1271662, 1248804, 1247404, 1255801, 1257667, 1262798, 1260792
13, 8192, 2726655, 2726189, 2729921, 2723856, 2730854, 2702865, 2704730, 2710328, 2714527, 2704730, 2717465
14, 16384, 5906742, 5838168, 5876887, 5882485, 5884351, 5840967, 5896013, 5837701, 5876887, 5887616, 5872781
15, 32768, 12656905, 12620985, 12815513, 12733411, 12691892, 12677898, 12710085, 12657371, 12648974, 12602326, 12681536
16, 65536, 27435890, 27522658, 27394372, 27356586, 27404168, 27279615, 27266086, 27247427, 27152728, 27347723, 27340725


Merge Sort
2^,N,Microseconds, , , , , , , , , , Average
8, 256, 392321, 225317, 54113, 48515, 48982, 50381, 50848, 48982, 49915, 49915, 101928
9, 512, 109159, 110559, 106827, 105427, 104495, 105894, 105428, 108227, 107294, 105894, 106920
10, 1024, 227182, 231380, 227183, 228115, 238845, 236046, 226250, 234647, 242576, 254706, 234693
11, 2048, 2280221, 415180, 409581, 407249, 414246, 417046, 408648, 408649, 431041, 414713, 600657
12, 4096, 1924287, 872810, 876075, 867212, 1360296, 874209, 872809, 865812, 869544, 1145709, 1052876
13, 8192, 1859910, 2189254, 1860377, 2166397, 1962539, 1867840, 2202783, 1854778, 2145404, 1852446, 1996172
14, 16384, 4406499, 4352852, 4258154, 4290809, 4266084, 4265618, 4266550, 4368246, 4328128, 4287076, 4309001
15, 32768, 9195989, 9178262, 9133945, 9154471, 9256166, 9195988, 9174531, 9312146, 9237974, 9231909, 9207138
16, 65536, 19569874, 19694428, 19572207, 19798922, 19622121, 19589467, 20003713, 25751848, 19224202, 19518560, 20234534


Quick Sort
2^,N,Microseconds, , , , , , , , , , Average
8, 256, 273365, 47116, 44317, 45250, 47583, 45717, 42451, 59711, 22858, 22392, 65076
9, 512, 48515, 47582, 47116, 46650, 45717, 45716, 46183, 45717, 46183, 45717, 46509
10, 1024, 101696, 102628, 99363, 99363, 97497, 104494, 99830, 97964, 100762, 101229, 100482
11, 2048, 216920, 222984, 213188, 236979, 214120, 215987, 217386, 218319, 223450, 226250, 220558
12, 4096, 480489, 494017, 484220, 474891, 485153, 473025, 462762, 471158, 470226, 465560, 476150
13, 8192, 1019755, 1039814, 1036549, 1004361, 1028151, 1003428, 1002028, 1025819, 1022088, 1026286, 1020827
14, 16384, 2189721, 2195319, 2148670, 2227040, 2181791, 2220043, 2177126, 2180858, 2191121, 2202783, 2191447
15, 32768, 4640212, 4718583, 4593562, 4677532, 4587965, 4721848, 4642078, 4803952, 4722781, 4783426, 4689193
16, 65536, 9949842, 9921853, 9923253, 9781438, 9852345, 10013286, 9877069, 10012353, 10000690, 10008154, 9934028


Selection Sort
2^,N,Microseconds, , , , , , , , , , Selection Sort


Insertion Sort
2^,N,Microseconds, , , , , , , , , , Insertion Sort
8, 256, 445504, 373663, 365733, 365733, 43384, 44317, 45716, 43384, 41984, 43851, 181326
9, 512, 156276, 159075, 154410, 154410, 157209, 160008, 154877, 149745, 159542, 157209, 156276
10, 1024, 600380, 603646, 619040, 588251, 609710, 621372, 635367, 626037, 612042, 608310, 612415


Sequential Sort
2^,N,Microseconds, , , , , , , , , , Sequential Sort
8, 256, 6833697, 5422547, 4648164, 3472595, 2239646, 1547367, 1578621, 1450335, 1468063, 1443805, 3010484


Sequential Sort
2^,N,Microseconds, , , , , , , , , , Sequential Sort
8, 256, 6917667, 5504184, 4759191, 3457200, 2082903, 1572558, 1602413, 1485789, 1517511, 1485322, 3038473


Sequential Sort
2^,N,Microseconds, , , , , , , , , , Sequential Sort
8, 256, 11662, 6531, 6997, 6064, 6065, 6531, 7930, 6531, 6998, 7464, 7277
9, 512, 1866, 1400, 1866, 1400, 1399, 1866, 933, 1399, 1399, 1399, 1492
10, 1024, 2333, 2332, 2332, 1866, 2333, 2799, 2332, 2799, 2332, 2333, 2379


Sequential Sort
2^,N,Microseconds, , , , , , , , , , Sequential Sort
8, 256, 13062, 7930, 7931, 7930, 7464, 7464, 9330, 6997, 6998, 8863, 8396
9, 512, 1866, 1399, 1399, 1400, 1400, 1400, 1400, 933, 1399, 1399, 1399
10, 1024, 2332, 2333, 2333, 2333, 2332, 2333, 2333, 2332, 2332, 2332, 2332
11, 2048, 4198, 4198, 3732, 4199, 4665, 6064, 4199, 4665, 6064, 6531, 4851
12, 4096, 8397, 7930, 7931, 10730, 7931, 7464, 7464, 7464, 7464, 7464, 8023


Sequential Sort
2^,N,Microseconds, , , , , , , , , , Sequential Sort
8, 256, 6879414, 5604480, 4686417, 3507115, 2125355, 1673787, 1655594, 1507248, 1480657, 1489988, 3061005


Sequential Sort
2^,N,Microseconds, , , , , , , , , , Sequential Sort
8, 256, 6784715, 5935227, 4797443, 3551899, 2206058, 1614542, 1657459, 1411617, 1476460, 1448003, 3088342
9, 512, 2924929, 2936591, 2889941, 2880146, 2927261, 2923529, 2943122, 2898339, 2865218, 2964115, 2915319
10, 1024, 6166608, 6266905, 6560797, 5961350, 5908636, 5953420, 6315420, 6046252, 6035989, 6031791, 6124716
11, 2048, 12282368, 11751496, 11608282, 13569430, 11603150, 11407688, 11683387, 11608749, 11539240, 11354974, 11840876
12, 4096, 22726276, 23067285, 23369108, 24368342, 23324790, 22843366, 22794851, 22845232, 22714614, 22994044, 23104790


Sequential Sort
2^,N,Microseconds, , , , , , , , , , Sequential Sort
8, 256, 12596, 7931, 7930, 7931, 7931, 7464, 8864, 7930, 7930, 8864, 8537
9, 512, 1866, 933, 1400, 1400, 1400, 1400, 1400, 1400, 1866, 1399, 1446
10, 1024, 2332, 2332, 2333, 1866, 2332, 2332, 2333, 1866, 2333, 2333, 2239
11, 2048, 4198, 4199, 4665, 4198, 4198, 4198, 5598, 4665, 4199, 4665, 4478
12, 4096, 7930, 10263, 7930, 7930, 8397, 14461, 7930, 7931, 7464, 7931, 8816
13, 8192, 14928, 14927, 14928, 15395, 14928, 15394, 15861, 14927, 15395, 14928, 15161
14, 16384, 29856, 29856, 30322, 30322, 30323, 29855, 30322, 29855, 30322, 29856, 30088
15, 32768, 60178, 60178, 60178, 59712, 59711, 60178, 60178, 59711, 59711, 59711, 59944


Sequential Sort
2^,N,Microseconds, , , , , , , , , , Sequential Sort
8, 256, 11196, 6531, 6531, 6531, 6531, 6997, 7464, 6531, 6531, 6997, 7184
9, 512, 1400, 1400, 933, 1399, 1400, 933, 1399, 1400, 1400, 1399, 1306
10, 1024, 2332, 2333, 2332, 2333, 2332, 1866, 2333, 2333, 1866, 2332, 2239
11, 2048, 4199, 4199, 4198, 4199, 4198, 4199, 4198, 4199, 4198, 3732, 4151
12, 4096, 8397, 7931, 7930, 7931, 8397, 7931, 8397, 7930, 13995, 7464, 8630
13, 8192, 14928, 14928, 15394, 14928, 15394, 15395, 14928, 16327, 15394, 15395, 15301
14, 16384, 29855, 30322, 30322, 29855, 29856, 29856, 29856, 30322, 30322, 30322, 30088
15, 32768, 60178, 60178, 60178, 60178, 60178, 59712, 60178, 59711, 60178, 59711, 60038
16, 65536, 119423, 119890, 119890, 119423, 119423, 119423, 119890, 119890, 119423, 119423, 119609


Sequential Sort
2^,N,Microseconds, , , , , , , , , , Sequential Sort
8, 256, 12129, 7464, 7930, 7930, 7930, 7930, 8863, 7931, 7464, 8397, 8396
9, 512, 1400, 1399, 1400, 1399, 1400, 1399, 933, 1400, 1399, 1399, 1352
10, 1024, 2332, 1866, 2332, 1866, 1866, 2332, 1866, 1866, 1866, 2332, 2052
11, 2048, 4198, 4199, 3732, 4198, 4199, 4198, 4199, 4198, 5598, 4198, 4291
12, 4096, 8397, 7930, 8397, 7930, 10263, 8397, 7930, 7930, 13529, 7930, 8863
13, 8192, 15395, 14928, 14928, 15394, 15394, 15394, 15395, 14928, 15394, 14927, 15207
14, 16384, 30322, 30323, 29856, 30322, 30323, 30322, 29856, 29856, 30322, 30322, 30182
15, 32768, 59711, 59711, 60178, 60178, 59712, 59711, 60178, 59712, 60178, 60178, 59944
16, 65536, 120823, 119423, 119423, 119889, 119423, 119889, 120356, 119423, 119423, 119890, 119796
17, 131072, 239313, 239312, 239313, 239312, 238846, 239312, 238846, 238846, 239312, 239312, 239172
18, 262144, 478158, 478159, 480490, 482823, 478158, 633035, 478158, 478159, 478158, 478625, 494392


Sequential Sort
2^,N,Microseconds, , , , , , , , , , Sequential Sort
8, 256, 12595, 6997, 8397, 8864, 7930, 8863, 10263, 8397, 8863, 8864, 9003
9, 512, 1866, 1399, 1400, 1400, 1399, 1400, 1399, 933, 1399, 933, 1352
10, 1024, 2332, 2332, 2332, 2333, 2333, 2333, 2333, 2332, 2332, 2333, 2332
11, 2048, 4198, 4198, 4199, 4198, 4198, 4199, 4198, 4198, 4199, 4665, 4245
12, 4096, 7931, 7931, 10263, 8397, 8397, 14462, 7464, 7930, 7931, 7464, 8817
13, 8192, 15395, 15394, 14928, 14928, 15394, 14928, 15395, 15394, 15394, 15395, 15254
14, 16384, 30322, 30322, 29856, 30322, 29856, 31255, 30322, 30322, 29856, 30323, 30275
15, 32768, 60178, 60178, 60178, 59712, 59712, 59711, 60178, 59711, 59712, 59712, 59898
16, 65536, 135284, 119890, 124554, 119423, 119890, 119890, 119423, 119423, 119890, 119423, 121709


Sequential Sort
2^,N,Microseconds, , , , , , , , , , Sequential Sort
8, 256, 5131, 466, 933, 467, 933, 467, 466, 933, 933, 933, 1166
9, 512, 933, 467, 467, 466, 467, 466, 933, 933, 467, 933, 653
10, 1024, 467, 467, 933, 466, 933, 466, 467, 933, 933, 467, 653
11, 2048, 933, 933, 466, 3265, 933, 933, 467, 467, 933, 933, 1026
12, 4096, 933, 933, 467, 933, 933, 10263, 933, 933, 933, 933, 1819
13, 8192, 933, 933, 1400, 933, 933, 933, 933, 933, 933, 933, 979
14, 16384, 1400, 933, 933, 933, 933, 1399, 1400, 933, 1400, 933, 1119
15, 32768, 933, 1400, 933, 1399, 1866, 467, 933, 933, 933, 933, 1073
16, 65536, 1866, 1399, 1399, 1399, 933, 2333, 467, 933, 933, 933, 1259
17, 131072, 1866, 1866, 3732, 1866, 933, 2332, 933, 1400, 933, 2799, 1866
18, 262144, 2333, 3266, 1399, 4665, 1866, 2333, 1866, 3266, 2332, 2333, 2565
19, 524288, 4665, 4665, 5131, 3732, 4665, 3732, 6065, 4665, 4665, 3732, 4571
20, 1048576, 5131, 5598, 5598, 4665, 6064, 5598, 4665, 5131, 5132, 5131, 5271


Binary Sort
2^,N,Microseconds, , , , , , , , , , Binary Sort
8, 256, 1023958, 222052, 58779, 48982, 50848, 50848, 49448, 52714, 70440, 70907, 169897
9, 512, 123621, 132485, 111959, 140415, 157209, 149745, 143215, 146480, 143215, 150212, 139855
10, 1024, 331678, 312552, 322816, 334478, 318616, 330280, 315817, 332145, 316750, 477692, 339282


Binary Sort
2^,N,Microseconds, , , , , , , , , , Binary Sort
8, 256, 1010897, 219720, 55047, 52714, 50848, 54114, 58778, 48982, 67176, 84436, 170271
9, 512, 138083, 131551, 121289, 121289, 131086, 140882, 151611, 140415, 140415, 143681, 136030
10, 1024, 319083, 320483, 309754, 320017, 308354, 328413, 336810, 309754, 332145, 319550, 320436
11, 2048, 2889009, 451102, 438506, 425910, 420312, 408651, 413315, 416581, 519210, 422179, 680477
12, 4096, 908734, 879344, 875146, 875613, 1367765, 867215, 870947, 867682, 864883, 1206825, 958415


Binary Sort
2^,N,Microseconds, , , , , , , , , , Binary Sort
8, 256, 1020693, 220186, 55513, 49915, 49449, 51315, 55513, 49449, 59712, 69507, 168125
9, 512, 109160, 116158, 111959, 111492, 136684, 130152, 130619, 133418, 144613, 125954, 125020
10, 1024, 295292, 296225, 308821, 316284, 301823, 315817, 313018, 319549, 325615, 323281, 311572
11, 2048, 2880612, 450169, 431042, 430109, 425911, 466962, 411916, 410049, 447370, 421713, 677585
12, 4096, 2081971, 874679, 869082, 873280, 1357502, 872814, 870948, 865816, 866283, 1170438, 1070281


Merge Sort
2^,N,Microseconds, , , , , , , , , , Merge Sort
8, 256, 456704, 318619, 122223, 94700, 100297, 99830, 48983, 52715, 49449, 50848, 139436
9, 512, 112426, 108228, 114759, 108695, 106829, 105895, 106829, 107295, 112427, 107761, 109114
10, 1024, 232317, 236515, 233716, 232317, 236982, 229518, 240248, 234649, 243980, 244446, 236468
11, 2048, 2544291, 412853, 411920, 415184, 541140, 469766, 536941, 463234, 418451, 419383, 663316
12, 4096, 1966764, 893814, 880752, 882151, 1410696, 879819, 938131, 1228294, 964722, 1871131, 1191627
13, 8192, 2090387, 2294247, 1876729, 2245731, 1886992, 2240599, 2224271, 1891658, 2183686, 1871131, 2080543
14, 16384, 6093423, 4571700, 4396296, 5022805, 4375770, 5601265, 7288595, 4483064, 4940235, 4390698, 5116385
15, 32768, 12244223, 9999892, 10362830, 10882511, 10197688, 12140194, 9853412, 9458286, 12150458, 10140309, 10742980
16, 65536, 21298988, 24923693, 24141839, 21526173, 21058740, 23885730, 22427451, 28826897, 22369605, 20955178, 23141429
17, 131072, 46047276, 51318259, 56347595, 47229854, 45984298, 52482176, 49062731, 46406947, 52493373, 47674895, 49504740
18, 262144, 106790233, 109307467, 106562582, 106958639, 104566894, 109205770, 106637221, 107278658, 104467530, 109831346, 107160634


Merge Sort
2^,N,Microseconds, , , , , , , , , , Merge Sort
8, 256, 396991, 224386, 56446, 54114, 49915, 49915, 48982, 49915, 51315, 51782, 103376
9, 512, 113826, 125955, 125955, 126421, 121756, 125488, 123156, 120357, 124556, 122223, 122969
10, 1024, 282233, 410054, 391860, 270570, 381130, 314888, 370868, 338212, 303225, 277101, 334014
11, 2048, 2681441, 414252, 409120, 427314, 406321, 411453, 416118, 409120, 445507, 410520, 643116
12, 4096, 1988689, 910608, 1252552, 977317, 2156162, 1057556, 1193307, 887283, 885417, 1228294, 1253718
13, 8192, 1882327, 2230802, 2186486, 2241999, 1873930, 1874397, 2164094, 1921046, 2932419, 2561085, 2186858
14, 16384, 4454142, 4416355, 4496593, 4331918, 4768562, 5687101, 4412156, 5067589, 4388831, 4350579, 4637382
15, 32768, 12081416, 9882335, 10714571, 9435894, 9609898, 11562201, 10347435, 9400906, 11390529, 9810961, 10423614
16, 65536, 22441446, 22169477, 24450195, 20770910, 21378759, 22500691, 22192801, 29483263, 21765954, 20894533, 22804802
17, 131072, 44707022, 47024126, 52476578, 46114919, 46783413, 52204609, 45772041, 44412194, 54259074, 51122795, 48487677
18, 262144, 114157200, 110110313, 103543860, 108873622, 103910996, 108360006, 103562054, 105301165, 104676522, 104114389, 106661012
19, 524288, 231561707, 222513940, 226516044, 225432364, 231529985, 225353992, 231067217, 224617388, 221978398, 222658089, 226322912
20, 1048576, 465337888, 438820632, 433008043, 416138006, 419467882, 429325492, 491381647, 466054432, 454026198, 496063907, 450962412


Merge Sort
2^,N,Microseconds, , , , , , , , , , Merge Sort
8, 256, 485625, 90034, 90500, 87235, 87702, 83503, 88168, 87235, 85369, 89101, 127447
9, 512, 195462, 174003, 173537, 174004, 175403, 174470, 176336, 175870, 176336, 176803, 177222
10, 1024, 530875, 533674, 534140, 530409, 524344, 538339, 532274, 534140, 535539, 532740, 532647


Merge Sort
2^,N,Microseconds, , , , , , , , , , Merge Sort
8, 256, 441307, 71375, 73707, 70441, 72308, 70908, 75572, 72307, 70908, 71840, 109067
9, 512, 167473, 164207, 158609, 160942, 159542, 159542, 159075, 158609, 160942, 158143, 160708
10, 1024, 535540, 519212, 543471, 515480, 513148, 516880, 530408, 519679, 515014, 530875, 523970
11, 2048, 1822607, 1905645, 1815143, 1805347, 1820741, 1869724, 1807214, 1824474, 1737239, 1816543, 1822467
12, 4096, 6467528, 6572490, 6516977, 6665790, 6676986, 6561761, 6553830, 6674186, 6537036, 6656459, 6588304
13, 8192, 24692671, 25114385, 24662815, 24931984, 24915658, 24719261, 25133978, 25104122, 25366761, 24842884, 24948451
14, 16384, 96758212, 96926151, 97040444, 96894897, 96387813, 96653251, 96269323, 96229670, 96962538, 96335565, 96645786
15, 32768, 380991701, 379068329, 379083256, 381394755, 378710991, 380402980, 404948238, 379462520, 380662819, 378328930, 382305451


Merge Sort
2^,N,Microseconds, , , , , , , , , , Merge Sort
8, 256, 449237, 73241, 72774, 71841, 70907, 72774, 73241, 70908, 70908, 74173, 110000
9, 512, 172137, 158142, 160008, 161875, 154411, 162341, 164208, 159076, 157676, 160476, 161035
10, 1024, 523411, 517347, 536473, 515480, 514548, 524344, 539272, 522011, 509416, 536472, 523877
11, 2048, 1808146, 1872523, 1786687, 1810945, 1810945, 1883719, 1853397, 1864593, 1829605, 1812811, 1833337
12, 4096, 6718970, 6623338, 6640132, 6593949, 6510445, 6601879, 6645264, 6681651, 6572024, 6570158, 6615781
13, 8192, 24874139, 25020153, 24939448, 25103189, 24818159, 24664214, 24693137, 25275327, 25204420, 24858278, 24945046
14, 16384, 97272293, 96613598, 96957874, 97231708, 96221739, 96654650, 97064234, 96569281, 96298245, 96968137, 96785175
15, 32768, 380277958, 381779615, 381424143, 379636523, 380083895, 380056838, 404888525, 378838812, 379675243, 380002257, 382666380
16, 65536, 1619283534, 1505211249, 1504831519, 1502520022, 1619026960, 1502272311, 1500276167, 1504574012, 1506906969, 1613163547, 1537806629


Quick Sort
2^,N,Microseconds, , , , , , , , , , Quick Sort
8, 256, 285964, 45250, 45250, 44784, 46649, 44317, 42918, 60178, 21926, 22858, 66009
9, 512, 48516, 46183, 46184, 46183, 47583, 46649, 46183, 45717, 46184, 46183, 46556
10, 1024, 103562, 101231, 98431, 97964, 98898, 99831, 99831, 97964, 97965, 98431, 99410
11, 2048, 215055, 218787, 217388, 220188, 220187, 219720, 231383, 215056, 214590, 226251, 219860
12, 4096, 472096, 471630, 469763, 465099, 461367, 471630, 466498, 473029, 471163, 473496, 469577
13, 8192, 1016499, 1003904, 1010435, 1026295, 991775, 1010901, 1042156, 1002970, 1008102, 1011835, 1012487
14, 16384, 2204203, 2111370, 2185543, 2143558, 2178079, 2227528, 2148690, 2135162, 2188808, 2132829, 2165577
15, 32768, 4681774, 4747550, 4729823, 4639789, 4685506, 4717694, 4662181, 4704165, 4975201, 4703699, 4724738
16, 65536, 10030173, 10041369, 9941538, 9953201, 9966263, 9944337, 9761003, 10071225, 10078689, 9858501, 9964629


Merge Sort
2^,N,Microseconds, , , , , , , , , , Merge Sort
8, 256, 444106, 65776, 69508, 63444, 65310, 66243, 64376, 63910, 68575, 68575, 103982
9, 512, 170738, 159076, 159076, 158143, 161408, 160475, 156743, 158143, 159543, 160942, 160428
10, 1024, 518279, 510349, 502419, 506617, 511282, 531341, 520146, 525743, 521545, 506617, 515433
11, 2048, 1824940, 1835203, 1828206, 1810012, 1854329, 1817477, 1849664, 1773626, 1783888, 1789486, 1816683
12, 4096, 6950820, 6662058, 6646196, 6713839, 6616341, 6708708, 6689581, 6621006, 6606078, 6633601, 6684822
13, 8192, 25065403, 24835419, 25078931, 25063537, 24805097, 24802765, 24825156, 25056539, 24806030, 24988898, 24932777
14, 16384, 96294047, 97192521, 96744217, 96374750, 96349560, 97484083, 96312240, 96771274, 97339002, 96461053, 96732274
15, 32768, 377774730, 380537331, 377786859, 377429055, 378259422, 380333005, 380690809, 407374494, 377765866, 378188981, 381614055
16, 65536, 1505485550, 1619855460, 1503402636, 1506191361, 1505493014, 1497791599, 1506567825, 1497809792, 1496605294, 1502978589, 1514218112


Merge Sort
2^,N,Microseconds, , , , , , , , , , Merge Sort
8, 256, 409119, 66243, 68109, 64843, 63911, 63444, 64377, 63443, 66242, 65777, 99550
9, 512, 169805, 163275, 156743, 163274, 160475, 154877, 153011, 160942, 159076, 157210, 159868
10, 1024, 515481, 510349, 518279, 528543, 520612, 519212, 514547, 508950, 523411, 510815, 517019


Heap Sort
2^,N,Microseconds, , , , , , , , , , Heap Sort
8, 256, 937195, 93299, 80238, 79771, 79771, 81637, 80238, 80238, 81171, 79305, 167286
9, 512, 133885, 120823, 120356, 121290, 123156, 121756, 121290, 122689, 121289, 122689, 122922
10, 1024, 263572, 264038, 265904, 266836, 286430, 263571, 266371, 262639, 265904, 264038, 266930


Quick Sort
2^,N,Microseconds, , , , , , , , , , Quick Sort
8, 256, 297156, 46649, 44784, 44783, 44783, 45250, 45250, 60178, 21926, 21925, 67268
9, 512, 48049, 47582, 45716, 46182, 44317, 45717, 45249, 45717, 43851, 46182, 45856
10, 1024, 100762, 97964, 103095, 99363, 103095, 99363, 100296, 99364, 98897, 99829, 100202


Quick Sort
2^,N,Microseconds, , , , , , , , , , Quick Sort
8, 256, 325612, 81637, 83036, 77905, 80237, 79304, 97497, 56912, 55979, 57845, 99596
9, 512, 77438, 75105, 75572, 76971, 78371, 76972, 76971, 75106, 73706, 77438, 76365
10, 1024, 133418, 131084, 130151, 131085, 134350, 127353, 130152, 129218, 128752, 131085, 130664


Quick Sort
2^,N,Microseconds, , , , , , , , , , Quick Sort
8, 256, 313950, 83503, 85368, 80703, 84435, 79304, 99363, 57845, 56913, 59712, 100109
9, 512, 77438, 76038, 78838, 76039, 75105, 76505, 76039, 76039, 76038, 75572, 76365
10, 1024, 133883, 133418, 135750, 132950, 132017, 138549, 132017, 133884, 131552, 132018, 133603
11, 2048, 259370, 262636, 257971, 273365, 264502, 258904, 261237, 262636, 264502, 341940, 270706
12, 4096, 541133, 542999, 564924, 529471, 533202, 527138, 524339, 533668, 524339, 529471, 535068


Quick Sort
2^,N,Microseconds, , , , , , , , , , Quick Sort
8, 256, 326546, 81636, 82103, 77438, 82103, 78371, 98897, 57378, 55047, 56912, 99643
9, 512, 77438, 75572, 74172, 75572, 74173, 75105, 74173, 76505, 73706, 74172, 75058
10, 1024, 131085, 128286, 131084, 129218, 125953, 129685, 132951, 129685, 129219, 126886, 129405
11, 2048, 256572, 248641, 249574, 261703, 252373, 250973, 252373, 247241, 250040, 281762, 255125
12, 4096, 519674, 514543, 540666, 501014, 513143, 502880, 500548, 509878, 503347, 526672, 513236
13, 8192, 1071069, 1057541, 1096727, 1068737, 1071069, 1064538, 1069669, 1072002, 1072469, 1076201, 1072002
14, 16384, 2240103, 2222376, 2236837, 2254564, 2265293, 2407574, 2293749, 2260628, 2251765, 2244768, 2267765
15, 32768, 4869727, 4783425, 4821678, 4722782, 4796954, 4901915, 4747505, 4809549, 5115569, 4845003, 4841410
16, 65536, 10260528, 10136907, 10637454, 10333301, 10285718, 10299713, 10326769, 10364089, 10426599, 10234404, 10330548


Binary Sort
2^,N,Microseconds, , , , , , , , , , Binary Sort
8, 256, 6531, 1400, 933, 933, 1399, 1399, 933, 1400, 1399, 933, 1726
9, 512, 1400, 933, 933, 1399, 1400, 933, 1400, 933, 933, 933, 1119
10, 1024, 1400, 1399, 933, 1399, 933, 933, 2332, 1399, 1866, 933, 1352
11, 2048, 1866, 1399, 1400, 1399, 1399, 1400, 1399, 1399, 1399, 1400, 1446
12, 4096, 1400, 1399, 1400, 1399, 1866, 1400, 1400, 1399, 12129, 1400, 2519
13, 8192, 1866, 1399, 933, 933, 1400, 1866, 1400, 1866, 1866, 933, 1446
14, 16384, 1866, 1399, 2332, 2332, 1399, 1399, 2332, 1866, 1400, 1866, 1819
15, 32768, 1866, 1400, 2332, 2332, 2799, 2333, 1400, 1399, 1866, 1866, 1959
16, 65536, 2333, 1866, 3265, 1866, 2333, 2332, 2332, 1866, 9797, 5598, 3358
17, 131072, 7464, 5132, 1866, 2333, 3266, 3266, 2333, 2332, 2333, 2799, 3312
18, 262144, 3266, 4198, 3265, 3732, 2799, 5131, 3265, 3265, 13994, 6531, 4944
19, 524288, 1399, 933, 1866, 1866, 1400, 933, 1866, 1400, 933, 1399, 1399
20, 1048576, 1400, 1866, 1400, 1400, 1399, 1866, 1399, 1866, 1866, 933, 1539


Binary Sort
2^,N,Microseconds, , , , , , , , , , Binary Sort
8, 256, 6531, 1399, 1399, 1399, 1399, 1399, 1400, 933, 933, 1400, 1819
9, 512, 1866, 1400, 933, 1400, 933, 1399, 933, 933, 1400, 1400, 1259
10, 1024, 1400, 1400, 1399, 1399, 933, 1400, 1399, 1399, 933, 1399, 1306
11, 2048, 1399, 1399, 1400, 1399, 1400, 1399, 1400, 1866, 1399, 1399, 1446
12, 4096, 1866, 1400, 1866, 1400, 1866, 1400, 1399, 1866, 11662, 1866, 2659
13, 8192, 1866, 1399, 1866, 1866, 1400, 933, 1400, 933, 1866, 933, 1446
14, 16384, 2332, 1866, 2332, 2332, 1866, 1866, 1399, 1866, 1866, 2332, 2005
15, 32768, 2799, 1866, 1866, 1866, 2799, 1399, 2332, 1399, 1400, 1400, 1912


Binary Sort
2^,N,Microseconds, , , , , , , , , , Binary Sort
8, 256, 6064, 1400, 1400, 1400, 1399, 1399, 933, 1399, 1399, 1399, 1819
9, 512, 1399, 933, 1400, 1400, 1400, 933, 1400, 1400, 1400, 1400, 1306
10, 1024, 1866, 1399, 1399, 1399, 1400, 1399, 1399, 1400, 1400, 1399, 1446
11, 2048, 1866, 1400, 1400, 1399, 1400, 1400, 1400, 1400, 1400, 1400, 1446
12, 4096, 1866, 1866, 1399, 1866, 1866, 1866, 1866, 1399, 12129, 933, 2705
13, 8192, 1866, 1400, 1866, 1399, 1866, 1399, 1866, 1399, 1400, 932, 1539
14, 16384, 2332, 1400, 1866, 1866, 1866, 2332, 1866, 2332, 1866, 1866, 1959
15, 32768, 2332, 2332, 2332, 1866, 2798, 1866, 5131, 3732, 2799, 4665, 2985
16, 65536, 7464, 2799, 1399, 2333, 1866, 2799, 1866, 2799, 1399, 3265, 2798
17, 131072, 2333, 2799, 2332, 1400, 3732, 2799, 3265, 3265, 2799, 3265, 2798
18, 262144, 3266, 2799, 4665, 3266, 2799, 7930, 4198, 3265, 15395, 6997, 5458
19, 524288, 933, 1400, 1866, 1866, 1400, 1399, 1866, 1400, 1399, 933, 1446
20, 1048576, 2799, 2799, 1399, 1400, 1400, 933, 1400, 1866, 2332, 1866, 1819


Binary Sort
2^,N,Microseconds, , , , , , , , , , Binary Sort
8, 256, 6064, 1400, 1399, 933, 933, 1399, 933, 933, 933, 933, 1586
9, 512, 1866, 1400, 933, 933, 1399, 1400, 933, 933, 1399, 933, 1212
10, 1024, 1399, 1400, 1400, 1400, 933, 1399, 1399, 1400, 1399, 933, 1306
11, 2048, 1399, 933, 1400, 1400, 1399, 1399, 1399, 1399, 933, 1399, 1306
12, 4096, 1399, 1400, 1399, 1399, 1400, 1400, 1866, 1400, 11662, 1866, 2519
13, 8192, 2332, 1400, 1866, 1866, 1399, 1866, 1866, 1866, 1399, 1866, 1772
14, 16384, 2333, 1866, 1865, 1866, 1866, 1866, 1866, 1865, 1866, 1866, 1912
15, 32768, 1866, 2333, 1866, 2332, 3732, 932, 1866, 2333, 1400, 1399, 2005
16, 65536, 1866, 2332, 1866, 1866, 1400, 3266, 1866, 3732, 1866, 2333, 2239
17, 131072, 2799, 2799, 2332, 2333, 1866, 3266, 2333, 2333, 2799, 2333, 2519
18, 262144, 3265, 3266, 3732, 3732, 2799, 3266, 2799, 3266, 15394, 6998, 4851
19, 524288, 933, 933, 1399, 1399, 1400, 1399, 1400, 1399, 1400, 1400, 1306
20, 1048576, 2799, 2799, 2799, 2333, 1866, 1866, 1866, 1866, 1865, 2799, 2285
21, 2097152, 3266, 2332, 2799, 2333, 2333, 1866, 2799, 1866, 2332, 2799, 2472
22, 4194304, 2332, 2799, 2332, 2333, 3266, 2799, 3266, 2332, 2799, 2332, 2659


Merge Sort
2^,N,Microseconds, , , , , , , , , , Merge Sort
8, 256, 11800890, 5864291, 7501684, 4799752, 5259715, 5045128, 3635385, 2577377, 1726026, 1518436, 4972868
9, 512, 3050869, 3013549, 2913719, 2769106, 2801760, 2742049, 2816222, 2811557, 2785433, 2820887, 2852515
10, 1024, 14492558, 8264868, 5479434, 5362811, 5397332, 5913740, 5416458, 5508823, 275896461, 5575999, 33730848


Quick Sort
2^,N,Microseconds, , , , , , , , , , Quick Sort
8, 256, 372729, 82570, 84436, 81636, 85368, 79771, 100762, 58312, 57845, 62510, 106593
9, 512, 79304, 77905, 76972, 76505, 76971, 76971, 76971, 76038, 76038, 75572, 76924
10, 1024, 137149, 136683, 132484, 131084, 132018, 128753, 129219, 131085, 133418, 134817, 132671


Merge Sort
2^,N,Microseconds, , , , , , , , , , Merge Sort


Quick Sort
2^,N,Microseconds, , , , , , , , , , Quick Sort


Merge Sort
2^,N,Microseconds, , , , , , , , , , Merge Sort
8, 256, 2688869, 2275089, 2093156, 1768943, 1622932, 1588877, 1545494, 1494179, 1462457, 1448929, 1798892


Merge Sort
2^,N,Microseconds, , , , , , , , , , Merge Sort
8, 256, 2967366, 2384716, 2259695, 1843117, 1785271, 1808130, 1682176, 2582975, 1677511, 1514239, 2050519


Merge Sort
2^,N,Microseconds, , , , , , , , , , Merge Sort
8, 256, 5188809, 3869098, 3285515, 3131571, 3021479, 4690594, 2807359, 2777969, 2774704, 2499007, 3404610


Merge Sort
2^,N,Microseconds, , , , , , , , , , Merge Sort
8, 256, 5113703, 3852771, 3338229, 3150232, 3051335, 4684996, 2900658, 2828351, 2765375, 2565248, 3425089


Merge Sort
2^,N,Microseconds, , , , , , , , , , Merge Sort
8, 256, 4328128, 3420332, 3220672, 2884330, 2792431, 2498073, 2468685, 2443960, 4343522, 2260161, 3066029


Merge Sort
2^,N,Microseconds, , , , , , , , , , Merge Sort
8, 256, 57379, 37786, 35920, 35454, 35453, 35453, 35453, 38719, 34987, 35454, 38205
9, 512, 36853, 35920, 35453, 35453, 35454, 35454, 35453, 35454, 35920, 35453, 35686
10, 1024, 35453, 35454, 35454, 35453, 35453, 35454, 34987, 34987, 35454, 35453, 35360


Merge Sort
2^,N,Microseconds, , , , , , , , , , Merge Sort
8, 256, 16794, 6531, 6531, 6531, 6531, 6531, 8864, 6531, 6064, 6531, 7743
9, 512, 6997, 6065, 6065, 6530, 6531, 6531, 6530, 6531, 6531, 6531, 6484
10, 1024, 6531, 6530, 6064, 6531, 6530, 6531, 6531, 6064, 6531, 6531, 6437
11, 2048, 6531, 12129, 6531, 6530, 6531, 6065, 6531, 6531, 6531, 6531, 7044
12, 4096, 2799, 1866, 1866, 1866, 1866, 1866, 2333, 2333, 1866, 1866, 2052
13, 8192, 2333, 1866, 2332, 3732, 1866, 2333, 2332, 2332, 1865, 1866, 2285
14, 16384, 1866, 1866, 3266, 2333, 1866, 1866, 1866, 2332, 2332, 1866, 2145
15, 32768, 2332, 1866, 2333, 1866, 1866, 2332, 2799, 1866, 3732, 2333, 2332


Merge Sort
2^,N,Microseconds, , , , , , , , , , Merge Sort
8, 256, 395120, 45250, 44317, 44317, 43384, 42917, 41984, 55046, 15861, 16794, 74499
9, 512, 37786, 34520, 34520, 34054, 34987, 34987, 34520, 34521, 34520, 34987, 34940
10, 1024, 76038, 74639, 74172, 74172, 74639, 74173, 74639, 74639, 76038, 75106, 74825
11, 2048, 163273, 160940, 163739, 158607, 167471, 158608, 167004, 159074, 169338, 160473, 162852
12, 4096, 345206, 345671, 357801, 357801, 350337, 360133, 349404, 355468, 361533, 348471, 353182
13, 8192, 739859, 753387, 738459, 743590, 744991, 752920, 744057, 744523, 741259, 748256, 745130
14, 16384, 1584679, 1587011, 1568818, 1592143, 3338695, 1531032, 1530099, 1543161, 1528233, 1530099, 1733397
15, 32768, 3239798, 3236999, 3235133, 3236999, 3235599, 4472741, 3275719, 3230935, 3222538, 3222072, 3360853


Merge Sort
2^,N,Microseconds, , , , , , , , , , Merge Sort
8, 256, 393254, 44783, 43384, 41984, 43384, 42451, 41518, 57845, 16327, 15861, 74079
9, 512, 36387, 34520, 34054, 34987, 34520, 34987, 34054, 34054, 34054, 34987, 34660
10, 1024, 76505, 76505, 74173, 74173, 75105, 75106, 74639, 74639, 75105, 74639, 75058
11, 2048, 159075, 160474, 158141, 159074, 157675, 157675, 159540, 165606, 158142, 160474, 159587
12, 4096, 343339, 348937, 355002, 348004, 349871, 348004, 343806, 346605, 342873, 347537, 347397
13, 8192, 717000, 724932, 729596, 733328, 728197, 733794, 725864, 727263, 724465, 727263, 727170
14, 16384, 1572550, 1574882, 1566486, 1571617, 3544418, 1531965, 1532898, 1546893, 1528233, 1529166, 1749910
15, 32768, 3220672, 3249128, 3220672, 3218806, 3218806, 4432622, 3250994, 3237465, 3306040, 3223004, 3357820
16, 65536, 7088371, 7806771, 6966150, 6993206, 6918567, 7529674, 6956353, 6973613, 7017930, 7502617, 7175325
17, 131072, 14679622, 14675423, 14753794, 14598918, 14653031, 14543872, 14701547, 14620377, 14697815, 14552268, 14647666
18, 262144, 31021826, 31047483, 31157109, 31064744, 31038620, 31035821, 31040019, 31075940, 31054947, 31047484, 31058399
19, 524288, 64353263, 64431633, 64411574, 64514670, 64426036, 64500208, 64574847, 64391049, 64309879, 64530997, 64444415
20, 1048576, 143712692, 148313252, 148076740, 147947988, 148073941, 148325381, 148094466, 148010498, 147973179, 148414948, 147694308


Quick Sort
2^,N,Microseconds, , , , , , , , , , Quick Sort
8, 256, 309286, 46649, 44316, 45250, 47116, 44784, 44317, 60178, 22392, 22392, 68668
9, 512, 47582, 46649, 45716, 46650, 48982, 45250, 44783, 44317, 46649, 45717, 46229
10, 1024, 99364, 98897, 102628, 106361, 100763, 100296, 100296, 100296, 102628, 98430, 100995
11, 2048, 217386, 219252, 221118, 223450, 215987, 210389, 213188, 217386, 221118, 224384, 218365
12, 4096, 474891, 477689, 472092, 473024, 477223, 483753, 496350, 484220, 476290, 599444, 491497
13, 8192, 1041214, 1028152, 1066871, 1021155, 1046345, 1024886, 1058007, 1039348, 1008560, 1029085, 1036362
14, 16384, 2198584, 2198118, 2200917, 2306811, 2202783, 2150535, 2213979, 2179458, 2178992, 2219110, 2204928
15, 32768, 4698524, 4622019, 4772229, 4803484, 4709253, 4698057, 4752637, 4675665, 4817480, 4760101, 4730944
16, 65536, 9934915, 9823423, 9804297, 9910657, 10420535, 10314640, 10191020, 10098187, 10043142, 10003955, 10054477
17, 131072, 21214730, 21252050, 21294035, 21538477, 21241787, 21544542, 21686822, 22100602, 21355612, 21692886, 21492154
18, 262144, 44960190, 45069816, 44802514, 44787121, 45012904, 45933295, 45934228, 45504587, 44671430, 45870319, 45254640
19, 524288, 95507573, 94266233, 95806129, 96113548, 95063937, 95515037, 94707070, 96547388, 94386589, 94876407, 95278991
20, 1048576, 200392601, 205770340, 205945274, 198988456, 199620554, 200365077, 200055792, 196978335, 200778857, 198966997, 200786228


Quick Sort
2^,N,Microseconds, , , , , , , , , , Quick Sort
8, 256, 267767, 45250, 43850, 44317, 47582, 45716, 44783, 61111, 21459, 21458, 64329
9, 512, 47583, 49448, 46649, 45716, 45250, 46182, 46183, 45716, 46650, 45250, 46462
10, 1024, 101696, 97497, 103095, 101696, 104028, 100296, 101696, 102162, 100763, 101229, 101415
11, 2048, 215520, 216920, 214587, 215987, 217386, 215520, 218319, 219719, 215054, 218319, 216733
12, 4096, 472558, 478156, 473491, 467893, 480022, 481422, 481888, 466960, 479089, 483754, 476523
13, 8192, 1008559, 1023021, 1044946, 1021621, 1006693, 1051943, 1071070, 1041214, 1058474, 1058007, 1038554
14, 16384, 2198118, 2185989, 2241502, 2191587, 2223308, 2227040, 2196718, 2174327, 2202783, 2186922, 2202829
15, 32768, 4733044, 4698058, 4671467, 4851533, 4622019, 4861797, 4742374, 4654207, 4712052, 4737243, 4728379
16, 65536, 9962904, 10094922, 10466251, 10084192, 10117781, 9919054, 10104252, 9899461, 9864941, 9989961, 10050371
17, 131072, 21520751, 21171347, 21634109, 21053790, 21126097, 21328555, 21577196, 21381269, 21360277, 21016471, 21316986
18, 262144, 45060019, 44795517, 44605188, 45907638, 44749801, 46559796, 44857561, 45769090, 44475036, 46217390, 45299703
19, 524288, 95710964, 94873608, 94610039, 97561078, 94061443, 96008121, 95496377, 96378983, 95256133, 95321442, 95527818
20, 1048576, 201150653, 199600495, 198060600, 202029527, 201620412, 197295083, 203041818, 200420125, 199065427, 200172417, 200245655


Merge Sort
2^,N,Microseconds, , , , , , , , , , Merge Sort
8, 256, 390922, 45716, 44317, 41985, 42918, 42451, 41984, 55513, 20060, 16327, 74219
9, 512, 37320, 34987, 34520, 34521, 37319, 34520, 34987, 34987, 34987, 34987, 35313
10, 1024, 76505, 78371, 74639, 74639, 74639, 75106, 75105, 75572, 75105, 74173, 75385
11, 2048, 160941, 160473, 161407, 160007, 163739, 157675, 160008, 160007, 160007, 159541, 160380
12, 4096, 345672, 342873, 358734, 343806, 346138, 349404, 349870, 346139, 346138, 343806, 347258
13, 8192, 722598, 746390, 734261, 737993, 729596, 745923, 730996, 734728, 730996, 744057, 735753
14, 16384, 1572083, 1593542, 1583279, 1584679, 3557480, 1530099, 1531965, 1544094, 1529632, 1530566, 1755741
15, 32768, 3239798, 3231401, 3216474, 3224404, 3220672, 4440086, 3279917, 3250995, 3313505, 3226736, 3364398
16, 65536, 7084172, 7816100, 6979211, 6987141, 7036124, 7537138, 6952621, 7006734, 7154613, 7533872, 7208772
17, 131072, 14605915, 14684753, 14618044, 14569995, 14572328, 14422117, 14574660, 14559732, 14628774, 14632505, 14586882
18, 262144, 31084336, 31046551, 31224751, 31080138, 31061012, 31105328, 31099264, 31619871, 31140315, 31081071, 31154263
19, 524288, 64674677, 64389649, 64217046, 64120482, 64168065, 64183925, 64372855, 64272559, 64337401, 64285155, 64302181
20, 1048576, 144196912, 148146714, 148588017, 148077673, 148281530, 148559561, 148039887, 148127588, 148019361, 148245610, 147828285
21, 2097152, 295727105, 304838192, 304000836, 303176075, 304813934, 303192403, 304186967, 303367338, 303373869, 303199400, 302987611


Merge Sort
2^,N,Microseconds, , , , , , , , , , Merge Sort
8, 256, 402117, 44317, 44317, 41985, 45716, 42450, 41518, 55513, 16328, 16794, 75105
9, 512, 36853, 34521, 34054, 34520, 34521, 34054, 34521, 34054, 34520, 35453, 34707
10, 1024, 75105, 74172, 74173, 75105, 74639, 77438, 74639, 73706, 75105, 74639, 74872
11, 2048, 160473, 158141, 160473, 157209, 163740, 159075, 159541, 157209, 159540, 157675, 159307
12, 4096, 345672, 342873, 353136, 346138, 343339, 345672, 344739, 342872, 342873, 344272, 345158
13, 8192, 734261, 739859, 727730, 732395, 732862, 733328, 725864, 737060, 724931, 730529, 731881
14, 16384, 1574416, 1580014, 1567418, 1582813, 3300909, 1532431, 1530566, 1550158, 1528699, 1531499, 1727892
15, 32768, 3225337, 3224404, 3217873, 3221605, 3219739, 4418628, 3981523, 3242597, 3233268, 3222538, 3420751
16, 65536, 7118693, 7818433, 6982010, 6955420, 6935360, 7492354, 6961018, 6958218, 7026793, 8069874, 7231817
17, 131072, 14698282, 14657230, 14762191, 14684753, 14753794, 14530810, 14764056, 14662827, 14698748, 14596585, 14680927
18, 262144, 31342307, 31318983, 31135651, 31706173, 31105329, 31095533, 31227084, 31077339, 31081537, 31064278, 31215421
19, 524288, 64420904, 64466154, 64300082, 64317809, 64649020, 64515136, 64462889, 64309412, 64303815, 64304747, 64404996
20, 1048576, 145719081, 147227722, 147510883, 147889210, 147352741, 147381198, 147359273, 147540739, 148413548, 148564226, 147495862


Quick Sort
2^,N,Microseconds, , , , , , , , , , Quick Sort
8, 256, 343806, 46649, 44783, 43850, 46183, 43851, 42917, 60644, 21925, 21458, 71606
9, 512, 48515, 45716, 45716, 46183, 45716, 46183, 44783, 45717, 43851, 43851, 45623
10, 1024, 103095, 101696, 100296, 101230, 100296, 99363, 98430, 98897, 101229, 97497, 100202
11, 2048, 216453, 216453, 216453, 218785, 212721, 223451, 218785, 222517, 216919, 223917, 218645
12, 4096, 479089, 469293, 483287, 464161, 477223, 470226, 473957, 471625, 483287, 459496, 473164
13, 8192, 1035149, 1034683, 1023953, 1058007, 1034683, 1042613, 1091596, 1025820, 1001561, 1023487, 1037155
14, 16384, 2207914, 2252697, 2198585, 2208381, 2206515, 2191121, 2163131, 2226574, 2319873, 2178525, 2215331
15, 32768, 4689194, 4811882, 4793222, 4693393, 4743307, 4686395, 4698991, 4667269, 4699457, 4755903, 4723901
16, 65536, 9905060, 10036611, 10043608, 10068332, 10099587, 9878936, 10039876, 9908792, 9962905, 10005822, 9994952
17, 131072, 21705949, 21233390, 21298234, 21377071, 21336019, 21507222, 21263246, 21310829, 21407859, 21032332, 21347215
18, 262144, 46216456, 44897213, 45603484, 45192970, 45428549, 45567565, 44948994, 45438812, 44845899, 45177109, 45331705
19, 524288, 95154903, 94654356, 95501509, 94639428, 94239177, 96220375, 94473823, 95172631, 94774245, 94911394, 94974184


Quick Sort
2^,N,Microseconds, , , , , , , , , , Quick Sort
8, 256, 339141, 43851, 44784, 43850, 46183, 44783, 44783, 60177, 22392, 21459, 71140
9, 512, 48515, 47116, 46183, 46183, 46649, 45250, 48049, 44317, 46182, 46183, 46462
10, 1024, 99830, 104962, 103095, 100762, 99830, 101696, 102629, 100296, 100762, 97030, 101089
11, 2048, 220185, 221584, 241178, 223450, 218785, 229049, 229982, 243510, 229514, 230915, 228815
12, 4096, 485620, 477223, 507079, 462762, 476290, 478156, 473958, 466960, 480489, 480489, 478902
13, 8192, 1048211, 1009026, 1032351, 1023487, 1012757, 1015557, 1079000, 1012291, 1051943, 1048211, 1033283
14, 16384, 2280221, 2197651, 2198118, 2196719, 2262027, 2221443, 2185989, 2185989, 2215378, 2213979, 2215751
15, 32768, 4681263, 4755436, 4706921, 4698524, 4652341, 4754969, 4667269, 4760567, 4796021, 4800686, 4727399
16, 65536, 10076729, 9984829, 9902260, 9978299, 10096788, 9809428, 10113115, 9863075, 10323504, 9885466, 10003349
17, 131072, 21030466, 21165749, 21198870, 21449843, 21078515, 21448911, 21131695, 21508156, 21133561, 21528681, 21267444
18, 262144, 44842633, 45007772, 45144920, 45308193, 44741403, 45554503, 45023166, 44558072, 44455443, 44646706, 44928281
19, 524288, 95434334, 94711735, 95153038, 97810186, 95551890, 94782175, 95449262, 92992240, 95656851, 93288463, 95083017
20, 1048576, 200505959, 200358547, 199721317, 200901545, 201797680, 199501598, 200029203, 200911808, 202803907, 197595971, 200412753


Quick Sort
2^,N,Microseconds, , , , , , , , , , Quick Sort
8, 256, 286427, 45250, 45250, 43851, 48049, 43851, 42918, 60644, 22392, 21458, 66009
9, 512, 45716, 46182, 48049, 46183, 48515, 44317, 45250, 45250, 45250, 45717, 46042
10, 1024, 102629, 102162, 102162, 102163, 101229, 100763, 101696, 105894, 97964, 99363, 101602
11, 2048, 217386, 219719, 220185, 216920, 232314, 217853, 212722, 217853, 217386, 235580, 220791
12, 4096, 470226, 489352, 460429, 470225, 467893, 466960, 481888, 466027, 473491, 473025, 471951
13, 8192, 1041680, 1012291, 1030485, 1068271, 1030951, 1010891, 1060806, 1042613, 1021155, 1023021, 1034216
14, 16384, 2209314, 2213046, 2160332, 2239635, 2232172, 2203250, 2214912, 2198584, 2211646, 2204183, 2208707
15, 32768, 4720449, 4770830, 4745639, 4707854, 4698990, 4770364, 4593097, 4623418, 4637879, 4736776, 4700529
16, 65536, 10079994, 10025415, 9967103, 9995559, 9954041, 10042208, 10111249, 9928850, 10081861, 9954974, 10014125
17, 131072, 21364942, 20873724, 21271177, 21681224, 21538477, 21173679, 21178344, 21374738, 21864557, 21641106, 21396196
18, 262144, 44312230, 45100604, 45368838, 45176176, 44420923, 45384698, 45225624, 44904210, 44099508, 44885084, 44887789
19, 524288, 95488447, 95018221, 95797266, 94221450, 95911090, 96447557, 95600405, 94262502, 95298117, 94474290, 95251934
20, 1048576, 199187648, 197573113, 200688358, 199390106, 200397733, 201024233, 197449959, 202090638, 198048470, 199661606, 199551186


Merge Sort
2^,N,Microseconds, , , , , , , , , , Merge Sort
8, 256, 441769, 82103, 83036, 78838, 79304, 78838, 100296, 54580, 53180, 55979, 110792
9, 512, 66709, 66708, 65776, 63910, 65776, 64376, 63910, 63443, 63910, 67175, 65169
10, 1024, 106827, 105894, 104962, 111492, 106361, 106360, 107294, 106360, 109626, 105894, 107107
11, 2048, 193595, 196860, 191728, 192662, 193595, 193595, 194995, 192196, 192662, 197327, 193921
12, 4096, 393721, 381591, 441769, 380659, 379259, 375994, 382991, 380659, 378327, 382525, 387749
13, 8192, 1120051, 1144309, 1253002, 1248337, 1169966, 774846, 773913, 774846, 780444, 770647, 981036
14, 16384, 1637392, 1653253, 1651854, 1641591, 3636318, 1609403, 1598673, 1611269, 1594009, 1611736, 1824549
15, 32768, 3324234, 3318169, 3323767, 3348492, 3325634, 4551112, 3347558, 3319102, 3357355, 3354556, 3456997


Quick Sort
2^,N,Microseconds, , , , , , , , , , Quick Sort
8, 256, 222984, 102628, 26124, 24724, 24724, 23791, 23791, 23791, 24258, 24258, 52107
9, 512, 55980, 54580, 51781, 51780, 50848, 52247, 50847, 49448, 51314, 49914, 51873
10, 1024, 109159, 111025, 108693, 108693, 107760, 108693, 106827, 107760, 110092, 106827, 108552
11, 2048, 231381, 234180, 232780, 230448, 233246, 230915, 233714, 231381, 229048, 236979, 232407
12, 4096, 505213, 495416, 500547, 488419, 489818, 490752, 497283, 501014, 489352, 486086, 494390
13, 8192, 1050543, 1049611, 1039348, 1049611, 1054742, 1042614, 1046345, 1044479, 1049144, 1066404, 1049284
14, 16384, 2218644, 2229373, 2215378, 2198118, 2206981, 2212113, 2208380, 2218644, 2264827, 2230306, 2220276
15, 32768, 4625284, 4725581, 4698524, 4698058, 4708786, 4697124, 4702722, 4674733, 4746106, 4744240, 4702115
16, 65536, 9917188, 9899462, 9922786, 9973167, 9920453, 9743653, 9850946, 10036144, 9797766, 9869606, 9893117
17, 131072, 20578433, 20845268, 20873257, 20759900, 21006675, 20345653, 20622750, 20587764, 20543446, 20542980, 20670612
18, 262144, 43476274, 43538317, 43499131, 43377843, 43428691, 42930476, 42946336, 42957066, 43326528, 42647781, 43212844
19, 524288, 91533047, 90812315, 90540349, 90167154, 89712790, 89934840, 91664599, 90765199, 90871093, 90848235, 90684962
20, 1048576, 187941419, 190257094, 187614874, 188782508, 188739590, 189210282, 190077960, 187236548, 187225819, 189765409, 188685150
21, 2097152, 393436527, 389323453, 398022627, 394474476, 394022911, 389515182, 395241392, 394763702, 396237356, 392638824, 393767645


Quick Sort
2^,N,Microseconds, , , , , , , , , , Quick Sort
8, 256, 218319, 137149, 25658, 25190, 25657, 25191, 23791, 25191, 23324, 23791, 55326
9, 512, 53647, 52714, 52248, 52247, 50848, 51314, 50381, 51314, 50847, 51315, 51687
10, 1024, 111025, 109160, 111492, 107293, 105894, 109626, 108693, 108227, 107294, 107760, 108646
11, 2048, 236046, 236046, 229515, 229515, 233713, 232780, 236512, 233714, 234180, 243043, 234506
12, 4096, 499148, 494017, 494483, 501480, 492151, 496815, 494017, 491684, 495417, 499148, 495836
13, 8192, 1046345, 1058007, 1049611, 1050078, 1057541, 1055209, 1061740, 1049144, 1061740, 1066871, 1055628
14, 16384, 2224241, 2220510, 2221909, 2232172, 2190654, 2228440, 2184123, 2220510, 2214445, 2250831, 2218783
15, 32768, 4715317, 4666803, 4664936, 4654207, 4701323, 4663536, 4662137, 4757302, 4686861, 4665870, 4683829
16, 65536, 9771642, 9902727, 9816892, 9848147, 9835086, 9810827, 9836951, 9766977, 9840683, 9881735, 9831166
17, 131072, 20675464, 20605024, 20687127, 20409563, 20728644, 20882121, 20510792, 20746371, 20876989, 20504728, 20662682
18, 262144, 43126870, 43766432, 43322330, 43120339, 43275681, 43205706, 45194836, 43739842, 43239294, 42846041, 43483737
19, 524288, 90052397, 91985080, 91481733, 89834544, 90077121, 90967191, 89918513, 90685429, 89784163, 89731915, 90451808
20, 1048576, 191239530, 189029749, 188587047, 190536523, 189964136, 187692779, 186951053, 188874407, 189260197, 188925255, 189106067
21, 2097152, 390329214, 392427035, 392229243, 393243400, 390447237, 392888398, 392366392, 398229749, 398351038, 390710340, 393122204


Merge Sort
2^,N,Microseconds, , , , , , , , , , Merge Sort
8, 256, 390921, 44317, 43850, 41984, 42451, 41984, 41518, 54113, 15860, 16794, 73379
9, 512, 36853, 34520, 34054, 34054, 34520, 34054, 34054, 34054, 34054, 34987, 34520
10, 1024, 75572, 75105, 74172, 76039, 74172, 74639, 75105, 74173, 76971, 74173, 75012
11, 2048, 162340, 160007, 159074, 158141, 163273, 159074, 159075, 160940, 160474, 159541, 160193
12, 4096, 346605, 346605, 355002, 343806, 344272, 346138, 345672, 348004, 344272, 343340, 346371
13, 8192, 720267, 731462, 724931, 734727, 729596, 733328, 723998, 731928, 727730, 729596, 728756
14, 16384, 1564620, 1576749, 1563686, 1588410, 3487973, 1534297, 1531965, 1551092, 1528700, 1535230, 1746272
15, 32768, 3227670, 3221139, 3223004, 3221138, 3224870, 4468542, 3240731, 3223471, 3221139, 3276651, 3354835
16, 65536, 7096767, 7613642, 7282432, 6940959, 6904572, 7477893, 6968482, 6948422, 7012332, 7446637, 7169213
17, 131072, 14624575, 14628774, 14611980, 14593320, 14611513, 14567663, 14610581, 14562065, 14613379, 14559266, 14598311
18, 262144, 31102063, 31134251, 34954834, 31106261, 31062412, 31079205, 31124455, 31062412, 31132851, 31061011, 31481975
19, 524288, 64473618, 64490411, 64400378, 64262763, 64615432, 64222178, 64322008, 64535661, 64440030, 64407376, 64416985
20, 1048576, 144549115, 147505285, 148248410, 147347144, 147557533, 147588321, 147941457, 147500154, 147315889, 147230520, 147278382
21, 2097152, 293056896, 302968952, 303548803, 302022436, 301870826, 302007975, 302930233, 302714713, 302417091, 301763533, 301530145


Merge Sort
2^,N,Microseconds, , , , , , , , , , Merge Sort
8, 256, 390455, 44783, 43384, 41984, 43384, 42917, 41985, 55513, 15861, 16327, 73659
9, 512, 36386, 34054, 34520, 35920, 34520, 33587, 34054, 34054, 33588, 34987, 34567
10, 1024, 75105, 75572, 74639, 74172, 74172, 75106, 74639, 75105, 75572, 74173, 74825
11, 2048, 163273, 158608, 158141, 160474, 159540, 158141, 160940, 156742, 157675, 161407, 159494
12, 4096, 344273, 344272, 353602, 344273, 342406, 346138, 346139, 345672, 386256, 349870, 350290
13, 8192, 718867, 734727, 728197, 733795, 724932, 734727, 729596, 734261, 726797, 734728, 730062
14, 16384, 1597274, 1579081, 1567419, 1583746, 3282249, 1550625, 1533831, 1549225, 1562754, 1530566, 1733677
15, 32768, 3227670, 3221605, 3219272, 3391875, 3245863, 4441019, 3254259, 3222538, 3223004, 3224870, 3367197
16, 65536, 6991806, 7719070, 7038922, 7125224, 7001603, 7447104, 7061781, 6954487, 7098167, 7439640, 7187780
17, 131072, 14707611, 14633439, 14803243, 14688485, 14714142, 14463169, 14755194, 14597518, 14667026, 14737933, 14676776
18, 262144, 31173903, 31299857, 31072207, 31271867, 31086202, 31232681, 31175769, 31299390, 31046084, 31307787, 31196574
19, 524288, 64936846, 65046472, 64644355, 64757246, 64623362, 64809493, 64678875, 64366791, 66424494, 64812759, 64910069
20, 1048576, 143314773, 147145619, 147285100, 147502486, 147119495, 149475754, 147774452, 147344345, 147856089, 147426914, 147224502
21, 2097152, 294511889, 303483495, 304681917, 301825577, 301767731, 301735543, 301716416, 301843770, 301820445, 301962259, 301534904


Quick Sort
2^,N,Microseconds, , , , , , , , , , Quick Sort
8, 256, 295290, 47116, 43384, 43851, 47582, 43383, 43384, 59711, 22858, 22392, 66895
9, 512, 47116, 48049, 45716, 46650, 46650, 45716, 45717, 45250, 44317, 45717, 46089
10, 1024, 102163, 98430, 98430, 101695, 101230, 97497, 101230, 102162, 103095, 98897, 100482
11, 2048, 219252, 218786, 222984, 216453, 216920, 220651, 219718, 218786, 222518, 231381, 220744
12, 4096, 493550, 475824, 485154, 499149, 483287, 478156, 459497, 470225, 482355, 471625, 479882
13, 8192, 1006693, 1031417, 1022087, 1040281, 1023487, 1023954, 1023953, 1023487, 1028152, 1012292, 1023580
14, 16384, 2310543, 2216778, 2176660, 2187855, 2178526, 2186456, 2201383, 2189721, 2205115, 2209314, 2206235
15, 32768, 4675199, 4737709, 4832408, 4775962, 4761967, 4796021, 4820746, 4667735, 4676132, 4694792, 4743867


