Sequential Sort
2^,N,Microseconds, , , , , , , , , , Sequential Sort
8, 256, 4665, 467, 933, 467, 467, 466, 466, 467, 467, 466, 933
9, 512, 933, 467, 466, 466, 467, 467, 466, 467, 467, 467, 513
10, 1024, 933, 467, 466, 466, 466, 467, 933, 467, 467, 933, 606
11, 2048, 467, 467, 466, 933, 467, 467, 467, 2799, 467, 466, 746
12, 4096, 933, 467, 467, 933, 933, 466, 467, 467, 933, 466, 653
13, 8192, 933, 467, 933, 933, 466, 467, 466, 466, 932, 933, 699
14, 16384, 933, 933, 466, 15394, 933, 467, 466, 467, 933, 466, 2145
15, 32768, 933, 466, 933, 466, 1399, 1400, 467, 466, 933, 0, 746
16, 65536, 466, 466, 467, 933, 467, 1866, 466, 933, 466, 933, 746
17, 131072, 933, 1399, 466, 933, 466, 1866, 1400, 466, 467, 1866, 1026
18, 262144, 1866, 1866, 1866, 1865, 1400, 2333, 1399, 2799, 933, 2799, 1912
19, 524288, 3265, 2799, 3732, 5598, 3265, 2332, 2333, 2799, 2333, 2332, 3078
20, 1048576, 4198, 4199, 4198, 4199, 5131, 4665, 4665, 4665, 4665, 6065, 4665
21, 2097152, 5598, 5131, 5131, 5132, 5131, 6064, 4664, 5598, 5598, 5132, 5317
22, 4194304, 5598, 5132, 7930, 5598, 6064, 6065, 6064, 6531, 5132, 5598, 5971
23, 8388608, 5598, 5598, 6531, 5131, 5598, 5598, 6997, 7931, 5132, 5598, 5971
24, 16777216, 5598, 5598, 5132, 5132, 5131, 6064, 7464, 5131, 5598, 5598, 5644


Sequential Sort
2^,N,Microseconds, , , , , , , , , , Sequential Sort
8, 256, 5598, 467, 466, 467, 467, 466, 467, 467, 466, 466, 979
9, 512, 933, 467, 466, 466, 466, 467, 467, 467, 466, 466, 513
10, 1024, 933, 467, 467, 466, 466, 466, 466, 466, 933, 467, 559
11, 2048, 933, 466, 467, 466, 467, 466, 467, 467, 467, 933, 559
12, 4096, 466, 933, 467, 933, 933, 467, 467, 466, 933, 466, 653
13, 8192, 933, 933, 467, 933, 466, 466, 933, 467, 467, 467, 653
14, 16384, 1399, 933, 933, 17260, 933, 467, 467, 466, 467, 466, 2379
15, 32768, 933, 466, 467, 467, 1399, 1399, 933, 467, 466, 467, 746
16, 65536, 467, 933, 467, 466, 467, 1866, 467, 467, 933, 466, 699
17, 131072, 1400, 1866, 466, 933, 466, 1866, 467, 466, 933, 1866, 1072
18, 262144, 933, 1866, 1400, 1866, 933, 1866, 1400, 1866, 1400, 2332, 1586
19, 524288, 2333, 2333, 2332, 2333, 2798, 2332, 1866, 2333, 1866, 2332, 2285
20, 1048576, 5598, 4199, 4665, 6997, 6064, 4665, 4665, 7464, 4665, 4199, 5318
21, 2097152, 5598, 5598, 5132, 4665, 5598, 5131, 6064, 5131, 5132, 5132, 5318
22, 4194304, 6531, 6064, 5598, 5598, 5132, 5598, 5131, 5598, 6531, 5598, 5737
23, 8388608, 5598, 5131, 5132, 5598, 5598, 5598, 5598, 5131, 5598, 5131, 5411
24, 16777216, 5598, 5598, 5132, 5598, 7464, 5598, 5131, 5598, 5132, 5598, 5644


Binary Sort
2^,N,Microseconds, , , , , , , , , , Binary Sort
8, 256, 5132, 933, 466, 466, 933, 933, 467, 933, 467, 466, 1119
9, 512, 1400, 933, 467, 933, 466, 466, 933, 466, 467, 466, 699
10, 1024, 933, 466, 933, 466, 466, 466, 467, 467, 467, 933, 606
11, 2048, 932, 466, 466, 933, 466, 466, 467, 466, 466, 467, 559
12, 4096, 1400, 933, 1399, 1400, 466, 1866, 467, 933, 933, 466, 1026
13, 8192, 933, 1400, 933, 933, 466, 466, 933, 933, 933, 933, 886
14, 16384, 933, 933, 467, 17727, 933, 466, 467, 466, 0, 466, 2285
15, 32768, 933, 933, 933, 467, 1866, 1866, 1400, 466, 467, 467, 979
16, 65536, 1400, 467, 467, 1400, 933, 1866, 467, 467, 933, 933, 933
17, 131072, 1399, 1866, 467, 933, 467, 2332, 1400, 933, 467, 2332, 1259
18, 262144, 1866, 1866, 933, 1399, 1399, 1866, 933, 1866, 1400, 1399, 1492
19, 524288, 2799, 2333, 2799, 2332, 2799, 2333, 2332, 2799, 2333, 1866, 2472
20, 1048576, 3732, 4665, 5131, 4665, 6064, 6998, 4665, 5131, 4198, 5131, 5038
21, 2097152, 9797, 5131, 6064, 5132, 4665, 5598, 5132, 5598, 5597, 5598, 5831
22, 4194304, 6065, 6065, 5598, 6997, 5598, 5132, 5132, 6531, 5598, 5598, 5831
23, 8388608, 5598, 5598, 6065, 5598, 5598, 5598, 5598, 5131, 5131, 5598, 5551
24, 16777216, 5598, 5131, 6064, 5598, 5132, 5598, 5598, 5597, 5131, 5131, 5457


Binary Sort
2^,N,Microseconds, , , , , , , , , , Binary Sort
8, 256, 5598, 467, 467, 466, 467, 466, 933, 466, 467, 933, 1073
9, 512, 933, 466, 467, 466, 467, 466, 933, 467, 933, 467, 606
10, 1024, 933, 467, 467, 467, 467, 466, 933, 467, 933, 466, 606
11, 2048, 933, 467, 466, 467, 933, 467, 466, 466, 933, 467, 606
12, 4096, 933, 933, 933, 466, 466, 933, 467, 466, 467, 933, 699
13, 8192, 933, 467, 467, 933, 466, 466, 933, 933, 933, 933, 746
14, 16384, 933, 933, 933, 18660, 933, 466, 467, 466, 467, 467, 2472
15, 32768, 933, 466, 467, 466, 1399, 1400, 933, 467, 467, 467, 746
16, 65536, 933, 466, 467, 933, 933, 1866, 466, 466, 933, 466, 792
17, 131072, 1399, 1866, 467, 467, 933, 1399, 933, 466, 933, 1866, 1072
18, 262144, 1400, 1866, 2332, 3265, 1866, 1866, 933, 1866, 1399, 1866, 1865
19, 524288, 2799, 2799, 2799, 4199, 4199, 2799, 2333, 2332, 2333, 2799, 2939
20, 1048576, 5131, 5598, 5132, 5598, 6064, 4665, 5598, 5131, 6997, 4665, 5457
21, 2097152, 5131, 5131, 4665, 5598, 5597, 6064, 5598, 4664, 5598, 5598, 5364
22, 4194304, 6064, 5598, 5131, 5131, 5132, 5598, 5598, 5131, 6064, 5131, 5457
23, 8388608, 6065, 5131, 7464, 5132, 5598, 5598, 5131, 5131, 5598, 5131, 5597
24, 16777216, 5131, 5131, 5598, 5598, 6531, 5598, 5597, 5598, 6998, 5131, 5691


Selection Sort
2^,N,Microseconds, , , , , , , , , , Selection Sort
8, 256, 626500, 295291, 80704, 82103, 81170, 80703, 81170, 80703, 80704, 80703, 156975
9, 512, 311151, 311618, 313951, 310685, 311151, 313017, 310685, 310218, 311618, 310684, 311477
10, 1024, 1219881, 1222213, 1231076, 1224546, 1219414, 1219414, 1330440, 1297319, 1337437, 1306648, 1260838
11, 2048, 4876258, 4831941, 4830075, 4859464, 4830075, 4832874, 4831941, 4831475, 4828676, 4830075, 4838285
12, 4096, 19227001, 19235865, 19292311, 19234466, 19232133, 19231199, 19233065, 19253591, 19228868, 19238664, 19240716
13, 8192, 76853426, 76792781, 76776454, 76770390, 76729805, 76728872, 76730738, 76735869, 77325051, 76782053, 76822543
14, 16384, 306819857, 307142204, 306688772, 306693437, 306609001, 306739620, 306771342, 306921553, 307638087, 306652852, 306867672
15, 32768, 1225917266, 1229084758, 1226400088, 1225450307, 1230262654, 1229677205, 1226550765, 1225948055, 1225883213, 1225641102, 1227081541
16, 65536, 4903642009, 4909078059, 4917084490, 4907845117, 4907587146, 4906091101, 4906651359, 4904055789, 4914864446, 4911289705, 4908818922


Insertion Sort
2^,N,Microseconds, , , , , , , , , , Insertion Sort
8, 256, 14461, 10262, 10729, 10729, 10263, 10263, 15395, 10263, 10262, 11196, 11382
9, 512, 3266, 2333, 2333, 2799, 2332, 2333, 2332, 2332, 2333, 2332, 2472
10, 1024, 4665, 4665, 4198, 4665, 4665, 4199, 6531, 6531, 5598, 6064, 5178
11, 2048, 11196, 11662, 11662, 11662, 12129, 12129, 11663, 12129, 12129, 11662, 11802
12, 4096, 23325, 23792, 22858, 23325, 22858, 24258, 25191, 24258, 23325, 24724, 23791
13, 8192, 46183, 47583, 47116, 48515, 44783, 47115, 44783, 46649, 34520, 46649, 45389
14, 16384, 67641, 67641, 67175, 67175, 67175, 67175, 67175, 67175, 67175, 67642, 67314
15, 32768, 134817, 134817, 138548, 134350, 377393, 137616, 134350, 134350, 134350, 134817, 159540
16, 65536, 269167, 270567, 269167, 273365, 269633, 270100, 269167, 270100, 268701, 270566, 270053
17, 131072, 539266, 537867, 537401, 537868, 537401, 539733, 539266, 539733, 611573, 537867, 545797
18, 262144, 1081332, 1083665, 1077600, 1085997, 1077134, 1095794, 1077134, 1148508, 1077133, 1077134, 1088143


Insertion Sort
2^,N,Microseconds, , , , , , , , , , Insertion Sort
8, 256, 14928, 10263, 10263, 10263, 10263, 10262, 14928, 10729, 10730, 11196, 11382
9, 512, 2799, 2332, 2799, 2333, 2332, 2332, 2333, 2332, 2333, 2332, 2425
10, 1024, 4665, 4665, 4665, 4665, 4665, 4198, 4665, 4665, 4665, 4665, 4618
11, 2048, 8863, 8863, 8864, 8863, 8397, 8863, 8863, 8397, 8864, 8863, 8770
12, 4096, 17260, 17260, 17260, 17260, 17260, 17261, 17260, 17260, 17261, 17260, 17260
13, 8192, 34054, 34054, 34054, 34054, 34054, 34054, 34054, 34054, 34054, 45716, 35220
14, 16384, 67175, 67642, 67175, 67175, 67175, 68574, 67175, 67175, 67175, 67175, 67361
15, 32768, 134816, 134350, 134351, 135283, 389989, 134350, 135750, 135750, 134350, 134350, 160333
16, 65536, 270100, 268700, 270566, 268700, 270100, 272899, 270566, 268701, 271966, 269167, 270146
17, 131072, 537868, 540199, 540666, 538801, 538800, 537401, 539733, 539267, 542065, 537867, 539266
18, 262144, 1077600, 1076667, 1077600, 1079933, 1077601, 1076667, 1077600, 1077134, 1078534, 1080399, 1077973
19, 524288, 2160332, 2157999, 2163597, 2156600, 2156600, 2154734, 2158932, 2161265, 2155667, 2197185, 2162291
20, 1048576, 4382707, 4340723, 4337924, 4339791, 4358917, 4363582, 4577235, 4363582, 4364515, 4348187, 4377716
21, 2097152, 8943615, 8714101, 8690777, 8679114, 8924023, 8924023, 8709903, 8661854, 8678647, 8927755, 8785381
22, 4194304, 17362893, 17358694, 17631127, 17342834, 18080360, 17556022, 17330705, 17271926, 17292453, 17308313, 17453532
23, 8388608, 34595167, 34817685, 35245460, 34640883, 34562980, 34628755, 34576974, 34678670, 34588170, 34604964, 34693970


Merge Sort
2^,N,Microseconds, , , , , , , , , , Merge Sort
8, 256, 390455, 75105, 45716, 42917, 42451, 42451, 41518, 77438, 16794, 17726, 79257
9, 512, 36386, 34521, 34054, 33588, 34054, 34054, 34520, 34054, 34054, 36853, 34613
10, 1024, 75572, 75105, 74173, 74173, 74173, 75106, 77905, 74639, 75106, 75106, 75105
11, 2048, 158141, 162806, 162806, 158608, 158608, 158141, 158607, 157675, 159075, 159541, 159400
12, 4096, 352669, 346138, 348471, 344739, 346605, 358267, 348938, 342873, 376927, 349870, 351549
13, 8192, 718400, 730062, 726330, 732861, 726797, 730996, 724931, 737060, 724931, 729130, 728149
14, 16384, 1578615, 1599140, 1585612, 1577681, 3608795, 1556223, 1530566, 1568819, 1530099, 1553890, 1768944
15, 32768, 3232334, 3282249, 3228136, 3260791, 3222538, 4447550, 3280383, 3227670, 3243997, 3223937, 3364958
16, 65536, 7385061, 7701810, 7037056, 6906905, 6990407, 7420981, 6957752, 6984809, 6934894, 7489089, 7180876
17, 131072, 14614312, 14630173, 14865286, 14595187, 14616644, 14460836, 14641369, 14631573, 14759392, 14581191, 14639596
18, 262144, 31105328, 31179967, 31137983, 31518175, 31124921, 31169705, 31043752, 31248076, 31026958, 31126788, 31168165
19, 524288, 65377216, 65288116, 65089389, 65070263, 65082858, 64941978, 65023147, 66433358, 65206013, 65523229, 65303556
20, 1048576, 149281227, 152981921, 153086415, 152416996, 152657707, 152633450, 152225734, 152210340, 152462247, 152272384, 152222842
21, 2097152, 300893056, 308575272, 309699989, 314913988, 316541118, 308479641, 309805416, 310523816, 308954531, 313075070, 310146189
22, 4194304, 648971475, 643925879, 642941579, 644621888, 636778730, 639661661, 638023336, 638111970, 637107609, 638721677, 640886580


Merge Sort
2^,N,Microseconds, , , , , , , , , , Merge Sort
8, 256, 388123, 77905, 45716, 42917, 43384, 46183, 42451, 85368, 20059, 17726, 80983
9, 512, 35453, 34987, 33587, 34054, 34521, 34054, 34521, 34054, 34054, 34054, 34333
10, 1024, 76038, 75105, 74638, 73706, 80237, 75106, 75572, 76505, 77437, 74172, 75851
11, 2048, 160941, 158608, 159541, 158141, 157208, 157209, 158141, 159541, 158607, 161407, 158934
12, 4096, 346138, 344739, 344739, 347071, 343806, 361533, 342873, 348471, 345672, 341940, 346698
13, 8192, 727264, 715601, 727264, 730063, 729130, 731928, 724464, 729129, 724932, 737993, 727776
14, 16384, 1563220, 1574882, 1563687, 1573949, 3519228, 1531499, 1534297, 1559954, 1532899, 1532898, 1748651
15, 32768, 3228602, 3219273, 3232335, 3224404, 3228136, 4445218, 3254726, 3221138, 3342893, 3234667, 3363139
16, 65536, 7207794, 7699011, 6975012, 6979677, 6896642, 7425645, 6960552, 6905971, 6896176, 7390658, 7133713
17, 131072, 14696415, 14461302, 14585856, 14625975, 14582590, 14435646, 14675890, 14645567, 14590988, 14592388, 14589261
18, 262144, 31046084, 31240146, 31285862, 31084803, 31125854, 31186499, 31095998, 31056346, 31040019, 31066610, 31122822
19, 524288, 64091094, 64141008, 64491345, 63942749, 64139142, 63977735, 63911959, 64035580, 64137276, 63947879, 64081576
20, 1048576, 143317106, 148696244, 147626574, 148017029, 147130691, 147375134, 147053253, 147110632, 147551002, 147248247, 147112591
21, 2097152, 293922707, 301488301, 302157720, 301925872, 301784992, 302531381, 301783591, 301684695, 301387539, 301460778, 301012757
22, 4194304, 613246927, 630613551, 630248753, 631656164, 631852558, 631912269, 632407219, 630654603, 632821466, 630524451, 629593796
23, 8388608, 1266592245, 1266471890, 1262939134, 1262088250, 1267138509, 1262646642, 1263241889, 1263449944, 1263857194, 1264584924, 1264301062


Merge In Place Sort
2^,N,Microseconds, , , , , , , , , , Merge In Place Sort
8, 256, 72773, 62510, 66242, 106827, 19126, 18659, 22858, 19126, 18193, 19593, 42590
9, 512, 21458, 11663, 11662, 11663, 11196, 11196, 11662, 11196, 11195, 11195, 12408
10, 1024, 22858, 22858, 22858, 22858, 22858, 22858, 22858, 22392, 22858, 22392, 22764
11, 2048, 48982, 46650, 47116, 47116, 46649, 47116, 47116, 46650, 47116, 48516, 47302
12, 4096, 98897, 98431, 98896, 103562, 98896, 98897, 98897, 98430, 99830, 98896, 99363
13, 8192, 208990, 208990, 218786, 208523, 220185, 208056, 208056, 208523, 209456, 208057, 210762
14, 16384, 512677, 440836, 440836, 452499, 441769, 442236, 440369, 443636, 440370, 455297, 451052
15, 32768, 935320, 940451, 985701, 934387, 1172299, 932521, 933454, 933920, 933454, 934853, 963636
16, 65536, 2021317, 1972335, 1971868, 1974201, 1983065, 1971402, 1971868, 1974201, 1975134, 1979799, 1979519
17, 131072, 4209172, 4266551, 4211505, 4162523, 4222234, 4154126, 4181182, 4261419, 4193312, 4328594, 4219061
18, 262144, 8902098, 8926355, 8860114, 8938485, 8920758, 8849851, 8905364, 8882972, 8965541, 8902564, 8905410
19, 524288, 18905587, 18903254, 18648083, 18765639, 18882729, 18775902, 18816021, 18855206, 18973695, 18827216, 18835333
20, 1048576, 40158571, 40284524, 40113320, 40172565, 40384820, 40236942, 40171166, 40047545, 39954713, 40237408, 40176157
21, 2097152, 84443744, 84893910, 85205995, 84371437, 84446542, 84179708, 84168979, 85130423, 84643869, 84772621, 84625722
22, 4194304, 176788490, 175751475, 175543419, 176345787, 176162922, 175932474, 176443285, 176239893, 176280479, 176316398, 176180462
23, 8388608, 367983236, 365762726, 365738469, 365784186, 365968450, 365627443, 365435714, 365253782, 365953523, 366577224, 366008475
