Dijkster's vs A-Star Center to Corner
,j,j^2,Microseconds, , , , , , , , , , Average
Dijkstra's, 10, 100, 627904, 607378, 133418, 103096, 102629, 102162, 91899, 90500, 88635, 88634, 203625
A-Star    , 10, 100, 98897, 82570, 111493, 40585, 18194, 17727, 15861, 13995, 14461, 14928, 42871
Dijkstra's, 11, 121, 118956, 121289, 121755, 111492, 111026, 107760, 109627, 111026, 111959, 429176, 145406
A-Star    , 11, 121, 17727, 16794, 16794, 15394, 13528, 13995, 13528, 13062, 13995, 29856, 16467
Dijkstra's, 12, 144, 155343, 151611, 153944, 154410, 150212, 149745, 151611, 153010, 148812, 148813, 151751
A-Star    , 12, 144, 18660, 17727, 17727, 17727, 17261, 16794, 16793, 16794, 16794, 16793, 17307
Dijkstra's, 13, 169, 209924, 207591, 204792, 218320, 210857, 202926, 211323, 207590, 206191, 208057, 208757
A-Star    , 13, 169, 20059, 19593, 19593, 22392, 20059, 19126, 19593, 19593, 19126, 19593, 19872
Dijkstra's, 14, 196, 361068, 277565, 286895, 279897, 273366, 279431, 278964, 277565, 277098, 278498, 287034
A-Star    , 14, 196, 26123, 25657, 25657, 25191, 25191, 25191, 24724, 25191, 25191, 24724, 25284
Dijkstra's, 15, 225, 376462, 367132, 367599, 368531, 364334, 373663, 364334, 374596, 368998, 401653, 372730
A-Star    , 15, 225, 29389, 28922, 28922, 28457, 28456, 28923, 28456, 28923, 28923, 29390, 28876
Dijkstra's, 16, 256, 501483, 507081, 502882, 504748, 503349, 506148, 496818, 491687, 490754, 493086, 499803
A-Star    , 16, 256, 38719, 37786, 36854, 37320, 36853, 36853, 36387, 35921, 35920, 35920, 36853
Dijkstra's, 17, 289, 637699, 636766, 637233, 626970, 632569, 675486, 631635, 629303, 631635, 665690, 640498
A-Star    , 17, 289, 41052, 41518, 46649, 40585, 40118, 41518, 41518, 41051, 40119, 41052, 41518
Dijkstra's, 18, 324, 805639, 797708, 796308, 793043, 795375, 798640, 794908, 799573, 812635, 803305, 799713
A-Star    , 18, 324, 52714, 51315, 51315, 50848, 50848, 50848, 50848, 50848, 52248, 52248, 51408
Dijkstra's, 19, 361, 994102, 1032822, 992237, 1000633, 2065177, 995036, 1000633, 987105, 990838, 987105, 1104568
A-Star    , 19, 361, 58312, 57379, 56912, 56913, 65776, 55979, 56446, 55979, 56446, 55980, 57612
Dijkstra's, 20, 400, 1225018, 1294526, 1232482, 1313186, 1280997, 1247410, 1250208, 1243211, 1229683, 1220819, 1253754
A-Star    , 20, 400, 69974, 70908, 68575, 70440, 69507, 72307, 69508, 78371, 66242, 65776, 70160
Dijkstra's, 21, 441, 1482057, 1488588, 1574423, 1557629, 1491387, 1482990, 1493719, 1470395, 1503982, 1483457, 1502862
A-Star    , 21, 441, 71374, 70907, 75106, 73240, 73707, 71841, 71374, 71374, 72774, 72307, 72400
Dijkstra's, 22, 484, 1857586, 2066576, 2221919, 1851056, 1950419, 1880444, 1958816, 1851522, 1844524, 2048383, 1953124
A-Star    , 22, 484, 90034, 91900, 107294, 88168, 86302, 90966, 98897, 1339310, 87235, 88634, 216874
Dijkstra's, 23, 529, 2868016, 3433875, 2981841, 3080272, 3067210, 2937057, 3080272, 3239813, 2911867, 2824632, 3042485
A-Star    , 23, 529, 128287, 160008, 127354, 135751, 140881, 127354, 139482, 135283, 131085, 127820, 135330
Dijkstra's, 24, 576, 5152913, 5028358, 5054482, 5207959, 5257874, 5106730, 4807706, 5144983, 4818901, 5144982, 5072488
A-Star    , 24, 576, 191729, 197794, 193595, 196394, 218787, 199660, 185665, 200593, 193596, 196395, 197420
Dijkstra's, 25, 625, 6420849, 6549135, 6437175, 6432510, 6483359, 6424114, 6391459, 6511815, 6442774, 6193199, 6428638
A-Star    , 25, 625, 240712, 231382, 226251, 236980, 232782, 233714, 229049, 233248, 230449, 234181, 232874
Dijkstra's, 26, 676, 7992473, 7943024, 8023728, 7905238, 7897308, 7984075, 8046120, 8082039, 7881446, 7972879, 7972833
A-Star    , 26, 676, 294826, 297624, 303222, 288294, 286895, 300423, 297624, 305555, 282696, 296225, 295338
Dijkstra's, 27, 729, 9729237, 9677455, 9636404, 9672324, 9813672, 9754427, 9854257, 9676522, 9637803, 9717107, 9716920
A-Star    , 27, 729, 340542, 339609, 336810, 329812, 344741, 334944, 342874, 335411, 335411, 345673, 338582
Dijkstra's, 28, 784, 11624609, 11683388, 11936694, 11675457, 11788815, 11577026, 11662395, 11677323, 11642803, 11637671, 11690618
A-Star    , 28, 784, 402586, 396054, 406784, 402585, 406784, 384859, 399787, 406318, 400720, 399320, 400579
Dijkstra's, 29, 841, 13654332, 13740167, 13747165, 13887114, 13843730, 13711711, 13752297, 13672526, 13701448, 13508785, 13721927
A-Star    , 29, 841, 431508, 429642, 482357, 431975, 443171, 431509, 428243, 435707, 426377, 435241, 437573
Dijkstra's, 30, 900, 16147286, 16018999, 16257379, 16250382, 16175276, 16111366, 16180407, 16099704, 16141688, 16102502, 16148498
A-Star    , 30, 900, 513612, 506148, 506148, 515012, 507547, 509413, 502416, 501949, 516411, 506615, 508527
Dijkstra's, 31, 961, 27411760, 18667763, 18797449, 18839900, 18758262, 18332352, 18738670, 18735871, 18640706, 18807245, 19572997
A-Star    , 31, 961, 513611, 526674, 534138, 517811, 533205, 515478, 531805, 531339, 526207, 541135, 527140
Dijkstra's, 32, 1024, 21880519, 22040528, 22143623, 21817076, 22064785, 21869323, 21989213, 21979883, 21730774, 22100706, 21961643
A-Star    , 32, 1024, 632568, 633035, 627903, 628836, 639099, 628836, 640499, 638166, 640965, 632568, 634247
Dijkstra's, 33, 1089, 24826907, 24896881, 24855830, 25000443, 24838103, 24708417, 25137126, 24818510, 25117067, 24881953, 24908123
A-Star    , 33, 1089, 666623, 681083, 661491, 663824, 691814, 655893, 678751, 675019, 675019, 682483, 673200
Dijkstra's, 34, 1156, 28894284, 29145725, 28832240, 29197039, 28896616, 28985717, 28919475, 28780458, 29107939, 29729778, 29048927
A-Star    , 34, 1156, 805172, 778115, 763654, 764120, 765520, 745927, 768318, 762721, 774383, 775316, 770324
Dijkstra's, 35, 1225, 33300804, 33491134, 32679431, 32743341, 32871627, 33487401, 32572136, 32688294, 33486002, 32678964, 32999913
A-Star    , 35, 1225, 824298, 833628, 820099, 819634, 833162, 825697, 828963, 815435, 856486, 823832, 828123
Dijkstra's, 36, 1296, 38367414, 38178483, 37483871, 37494134, 38059994, 37433956, 38279247, 37819281, 37638281, 38057194, 37881185
A-Star    , 36, 1296, 952585, 926927, 939056, 942788, 928793, 923195, 942788, 930193, 929259, 939523, 935510
Dijkstra's, 37, 1369, 42787462, 42954934, 42871897, 43093949, 42462780, 43848273, 42446453, 42838776, 42734281, 43242295, 42928110
A-Star    , 37, 1369, 1000167, 1002033, 14292032, 1014162, 989904, 1009963, 999700, 995502, 1008097, 1004832, 2331639
Dijkstra's, 38, 1444, 49244230, 49230235, 48781467, 49021711, 50349359, 48738549, 49442024, 49038506, 49691600, 48836513, 49237419
A-Star    , 38, 1444, 1137317, 1127520, 1127520, 1138716, 1165773, 1125188, 1147113, 1129386, 1135917, 1137317, 1137176
Dijkstra's, 39, 1521, 55044639, 56275721, 56594805, 55286750, 56510369, 55056302, 55699132, 55243833, 55608166, 56725890, 55804560
A-Star    , 39, 1521, 1194229, 1203092, 1218953, 1194229, 1229216, 1214755, 1220353, 1211024, 1190030, 1227351, 1210323
Dijkstra's, 40, 1600, 62924220, 62948010, 63375788, 62708232, 62498309, 62513703, 62821124, 64114251, 62162898, 62534229, 62860076
A-Star    , 40, 1600, 1372897, 1360302, 1372897, 1352371, 1383160, 1354704, 1361701, 1377562, 1353304, 1366366, 1365526
Dijkstra's, 41, 1681, 71190525, 70719831, 70980602, 70436202, 70822460, 70221614, 71371526, 70862112, 70585946, 70792604, 70798342
A-Star    , 41, 1681, 1470395, 1451268, 1450336, 1452201, 1454534, 1459199, 1468529, 1452668, 1450336, 1457799, 1456726
Dijkstra's, 42, 1764, 80575488, 79618239, 79480155, 79778247, 79008995, 79106026, 79475024, 79558994, 79586051, 79695677, 79588289
A-Star    , 42, 1764, 1727901, 1623405, 1631802, 1632735, 1622939, 1648596, 1632269, 1638800, 1620607, 1636467, 1641552
Dijkstra's, 43, 1849, 90646199, 89013464, 89026526, 88478860, 89206593, 89913334, 88202228, 88696246, 89518679, 87893407, 89059553
A-Star    , 43, 1849, 1732566, 1739563, 1737230, 1721369, 1739096, 1743761, 1730233, 1733032, 1732566, 1725568, 1733498
Dijkstra's, 44, 1936, 100056820, 99623911, 99218526, 100115131, 99126626, 99858092, 99156016, 99369671, 100097871, 99077178, 99569984
A-Star    , 44, 1936, 1936424, 1927561, 1941089, 1943421, 1930827, 1926161, 1937357, 2004533, 1950886, 1993337, 1949159
Dijkstra's, 45, 2025, 112078416, 110797885, 111251785, 110729310, 111300301, 111299834, 111189275, 110494196, 111778459, 109463240, 111038270
A-Star    , 45, 2025, 2045118, 2056314, 2085703, 2048383, 2058179, 2053981, 2045584, 2046517, 2070308, 2039520, 2054960
Dijkstra's, 46, 2116, 125061928, 123035003, 122852137, 122822747, 122835810, 123519692, 122741111, 122635216, 122963162, 123343823, 123181062
A-Star    , 46, 2116, 2325482, 2271835, 2259706, 2262039, 2280232, 2297025, 2273235, 2284430, 2290028, 2273234, 2281724
Dijkstra's, 47, 2209, 138035642, 134958636, 136800828, 135454521, 136724323, 134921316, 135732086, 134814022, 135301510, 137187086, 135992997
A-Star    , 47, 2209, 2447237, 2396389, 2423912, 2406652, 2413649, 2396389, 2422512, 2399654, 2374464, 2422046, 2410290
Dijkstra's, 48, 2304, 151777209, 150731792, 150263897, 149512372, 149198420, 150766780, 150997228, 150739722, 149315977, 150329206, 150363260
A-Star    , 48, 2304, 2666023, 2668356, 2670688, 2644564, 2636635, 2671621, 2677220, 2671155, 2651562, 2663691, 2662151
Dijkstra's, 49, 2401, 164474292, 164478957, 163972343, 163169037, 164427642, 163709239, 163670519, 163182098, 162050380, 164705674, 163784018
A-Star    , 49, 2401, 2769120, 2782648, 2791044, 2769586, 2793377, 2801308, 2779848, 2784514, 2765853, 2792444, 2782974
Dijkstra's, 50, 2500, 180114963, 180288500, 178638504, 179743166, 178779852, 180293165, 179317255, 178539607, 180486294, 179682521, 179588382
A-Star    , 50, 2500, 3030356, 3058347, 3061612, 3066744, 3030357, 3051349, 3026159, 3009364, 3042953, 3047150, 3042439

Dijkster's vs A-Star Corner to Corner
,j,j^2,Microseconds, , , , , , , , , , Average
Dijkstra's, 10, 100, 619040, 600847, 125487, 98897, 98897, 99830, 85369, 83969, 84902, 84436, 198167
A-Star    , 10, 100, 154877, 138549, 138550, 55046, 29856, 28923, 27057, 25191, 25658, 24724, 64843
Dijkstra's, 11, 121, 116624, 113359, 106828, 104028, 103096, 103096, 104029, 104962, 102629, 103562, 106221
A-Star    , 11, 121, 30789, 29855, 25191, 24724, 24724, 24257, 24258, 24725, 23791, 23325, 25563
Dijkstra's, 12, 144, 139949, 139482, 140416, 139949, 140415, 140415, 141348, 138083, 140415, 141815, 140228
A-Star    , 12, 144, 30322, 28923, 27989, 28923, 27989, 27524, 27523, 28923, 28923, 28456, 28549
Dijkstra's, 13, 169, 196862, 193130, 194063, 193596, 194995, 194063, 193129, 191263, 189863, 190796, 193176
A-Star    , 13, 169, 36387, 35920, 36386, 35920, 36853, 34988, 34987, 34987, 34988, 34521, 35593
Dijkstra's, 14, 196, 252841, 253308, 253307, 253774, 283630, 256573, 259372, 249109, 254241, 249575, 256573
A-Star    , 14, 196, 42918, 43850, 43384, 43851, 43851, 43851, 44317, 42451, 42918, 42451, 43384
Dijkstra's, 15, 225, 344274, 348472, 342408, 342875, 341475, 342874, 341475, 343341, 341941, 349405, 343854
A-Star    , 15, 225, 54113, 54113, 52714, 54580, 53180, 54113, 54580, 53180, 52714, 54114, 53740
Dijkstra's, 16, 256, 461831, 454366, 458099, 457632, 464163, 460431, 475359, 456233, 451101, 451102, 459031
A-Star    , 16, 256, 64376, 66243, 65776, 64843, 68108, 64377, 73240, 60177, 59712, 60644, 64749
Dijkstra's, 17, 289, 580321, 582187, 630702, 581253, 583119, 614841, 589650, 578455, 578455, 581720, 590070
A-Star    , 17, 289, 76039, 72773, 90034, 72307, 75106, 76039, 74640, 72773, 75106, 72307, 75712
Dijkstra's, 18, 324, 732399, 786978, 730066, 807037, 731465, 726800, 723535, 734264, 730998, 730999, 743454
A-Star    , 18, 324, 85835, 152545, 91433, 92833, 85369, 87234, 84902, 91433, 84903, 91900, 94838
Dijkstra's, 19, 361, 967512, 960982, 942321, 1006698, 991303, 937657, 937656, 929260, 939522, 934391, 954730
A-Star    , 19, 361, 113825, 111026, 110560, 109626, 109626, 106361, 109626, 110093, 110093, 109627, 110046
Dijkstra's, 20, 400, 1192830, 1164373, 1151778, 1169038, 1159709, 1155977, 1164840, 1155976, 1216154, 1155044, 1168571
A-Star    , 20, 400, 123155, 124088, 124088, 126887, 125954, 125021, 125487, 125954, 132019, 126420, 125907
Dijkstra's, 21, 441, 1403220, 1453601, 1419080, 1478325, 1409750, 1582353, 1406485, 1406951, 1581421, 1408817, 1455000
A-Star    , 21, 441, 147879, 152077, 146013, 151612, 145546, 146480, 144614, 147879, 150678, 145547, 147832
Dijkstra's, 22, 484, 1831929, 1765686, 1915432, 1800207, 1805805, 1775016, 1877645, 1966280, 1790411, 1863185, 1839159
A-Star    , 22, 484, 176802, 173070, 171670, 174469, 175869, 168405, 175402, 175869, 173070, 172137, 173676
Dijkstra's, 23, 529, 2836294, 2816702, 2913732, 2843759, 3405886, 2865684, 2962715, 3173104, 2822766, 3045751, 2968639
A-Star    , 23, 529, 263570, 246776, 280364, 248175, 313952, 261238, 267302, 263104, 260305, 275699, 268048
Dijkstra's, 24, 576, 5088070, 5092735, 4744263, 5102531, 5119791, 4821701, 4901005, 5154312, 4995703, 4612710, 4963282
A-Star    , 24, 576, 391856, 380194, 372263, 377395, 390457, 381594, 383460, 390923, 374129, 378328, 382059
Dijkstra's, 25, 625, 6391926, 6428312, 6458168, 6434377, 6268770, 6420382, 6314021, 6485224, 6399856, 6544003, 6414503
A-Star    , 25, 625, 472561, 472094, 494952, 480025, 474426, 478624, 482356, 459965, 483756, 475360, 477411
Dijkstra's, 26, 676, 7975213, 7952820, 7828266, 7941625, 7852524, 8015330, 7893109, 7827799, 9205828, 7872117, 8036463
A-Star    , 26, 676, 580321, 603179, 575190, 601313, 569591, 593383, 570524, 551864, 630236, 569592, 584519
Dijkstra's, 27, 729, 9574360, 9585556, 9645734, 9599085, 9607947, 9705912, 9662994, 11362438, 9475463, 9564564, 9778405
A-Star    , 27, 729, 680151, 692746, 692747, 678751, 687615, 686215, 678751, 662424, 666156, 683883, 680943
Dijkstra's, 28, 784, 11586356, 11493990, 11480929, 11486060, 11648400, 11591022, 11524779, 11507519, 11386696, 11478595, 11518434
A-Star    , 28, 784, 767386, 773916, 757122, 772983, 789311, 779048, 9196032, 786512, 747793, 783246, 1615334
Dijkstra's, 29, 841, 13576894, 13627742, 13626343, 13748098, 13600218, 13587623, 13673925, 13585291, 13663662, 13508785, 13619858
A-Star    , 29, 841, 878412, 887275, 879811, 895672, 857419, 879345, 878412, 888208, 889141, 880744, 881443
Dijkstra's, 30, 900, 15902375, 15909373, 23980217, 16056786, 15910306, 16053520, 15875785, 15856192, 15985878, 15931764, 16746219
A-Star    , 30, 900, 1005765, 1010430, 1011363, 1001566, 992703, 992237, 989904, 1008564, 997835, 997368, 1000773
Dijkstra's, 31, 961, 18583793, 18606185, 18685023, 18484896, 18290368, 18453641, 18523616, 18623912, 18692487, 18223658, 18516757
A-Star    , 31, 961, 1111193, 1137783, 1093466, 1054747, 1079472, 1068275, 1082270, 1118657, 1113992, 1057079, 1091693
Dijkstra's, 32, 1024, 21775558, 21490995, 21781155, 21591759, 21663132, 21526916, 21537179, 21675727, 21898712, 21579630, 21652076
A-Star    , 32, 1024, 1259073, 1247877, 1235281, 1236680, 1250208, 1253474, 1244144, 10334748, 1229217, 1254874, 2154557
Dijkstra's, 33, 1089, 24424321, 24835770, 24911808, 25043827, 24674363, 24962190, 24688357, 24460708, 25140392, 24745736, 24788747
A-Star    , 33, 1089, 1325315, 1380361, 1361702, 1335578, 1384093, 1387358, 1371032, 1338843, 1389691, 1388291, 1366226
Dijkstra's, 34, 1156, 29062689, 28689025, 28561206, 28579399, 28939534, 28693691, 28495430, 28797252, 28610187, 28537881, 28696629
A-Star    , 34, 1156, 1548766, 1534305, 1510513, 1510979, 1525441, 1541768, 1512846, 1541302, 1524975, 1513312, 1526420
Dijkstra's, 35, 1225, 33205638, 32871627, 32721415, 32496564, 32275445, 32896351, 32665902, 33045629, 32672899, 32428455, 32727992
A-Star    , 35, 1225, 1656526, 1709707, 1690581, 1666789, 1658393, 1682650, 1696179, 1711573, 1658859, 1677519, 1680877
Dijkstra's, 36, 1296, 37990019, 37590698, 37383575, 37182515, 37670936, 37437688, 37102744, 37769832, 37608892, 37788959, 37552585
A-Star    , 36, 1296, 1858519, 1840793, 1806738, 1833795, 1855720, 1825864, 1823998, 1829596, 1796942, 1837527, 1830949
Dijkstra's, 37, 1369, 42805655, 42902219, 42124571, 42738013, 42096581, 43176520, 42445520, 43483007, 42605529, 43018844, 42739645
A-Star    , 37, 1369, 2036721, 2073574, 2019460, 2040919, 2014329, 2040919, 2037654, 2091767, 2037187, 2027391, 2041992
Dijkstra's, 38, 1444, 49120608, 49082356, 48941474, 48878964, 48781466, 49120609, 48865435, 48792196, 49349192, 49102416, 49003471
A-Star    , 38, 1444, 2254574, 2232649, 2234981, 2222852, 2260639, 2241046, 2239646, 2208857, 2224719, 2256440, 2237640
Dijkstra's, 39, 1521, 56252863, 55656215, 55743450, 55358124, 56303245, 55878267, 55638954, 55420635, 55846545, 55489210, 55758750
A-Star    , 39, 1521, 2504616, 2415516, 2453301, 2453768, 2467296, 2480824, 2428111, 2440240, 2462631, 2444905, 2455120
Dijkstra's, 40, 1600, 63776041, 63718195, 63426636, 62792668, 63129478, 62613533, 62902761, 63510605, 62843982, 63064168, 63177806
A-Star    , 40, 1600, 2734132, 2686550, 2740197, 2695413, 2703343, 2689815, 2672554, 2700077, 2694946, 2719670, 2703669
Dijkstra's, 41, 1681, 71175597, 71158804, 70830390, 70574284, 71345402, 88614144, 71258634, 70392817, 70856514, 70612070, 72681865
A-Star    , 41, 1681, 3007032, 2924462, 2936591, 2933792, 2963647, 2928195, 2988372, 2957117, 2955251, 2935658, 2953011
Dijkstra's, 42, 1764, 79721334, 80006363, 79458231, 80253139, 79370995, 79931257, 79175067, 79428842, 79802038, 79329478, 79647674
A-Star    , 42, 1764, 3310254, 3215555, 3223952, 3406353, 3185700, 3202960, 3185233, 3219287, 3206692, 3210424, 3236641
Dijkstra's, 43, 1849, 90064945, 90715241, 89352607, 89196797, 89164609, 89798576, 89240647, 89915667, 89338612, 89056848, 89584454
A-Star    , 43, 1849, 3564960, 3529508, 3533239, 3515512, 3484257, 3551899, 3498252, 3516446, 3517378, 3497319, 3520877
Dijkstra's, 44, 1936, 101445110, 100510719, 99986845, 99098171, 100749099, 100115131, 100607284, 100308727, 100367971, 100524715, 100371377
A-Star    , 44, 1936, 3863985, 3809871, 3846258, 3763221, 3842992, 3817335, 3829464, 3816402, 3820600, 3828065, 3823819
Dijkstra's, 45, 2025, 113776927, 111716882, 111622183, 111391268, 110918241, 111497162, 112105473, 111886220, 110726511, 112600425, 111824129
A-Star    , 45, 2025, 4229251, 4155078, 4166274, 4138285, 4106096, 4137818, 4145748, 4167674, 4138284, 4334213, 4171872
Dijkstra's, 46, 2116, 125509764, 124618756, 124530122, 124424228, 124459214, 123925544, 124284745, 123213671, 123931141, 124213371, 124311055
A-Star    , 46, 2116, 4569326, 4496553, 4520810, 4513813, 4533872, 4514746, 4546001, 4494687, 4491421, 4502151, 4518338
Dijkstra's, 47, 2209, 137380682, 136043238, 136353458, 134365720, 136216309, 134475347, 136164061, 135909354, 135506768, 135535691, 135795062
A-Star    , 47, 2209, 4772719, 4839894, 4861352, 4800708, 4839894, 4779716, 4852955, 4814703, 4867417, 4825899, 4825525
Dijkstra's, 48, 2304, 149083663, 149230608, 150389385, 149926154, 150249435, 149853847, 149870640, 149459191, 149920089, 148958175, 149694118
A-Star    , 48, 2304, 5222421, 5233150, 5232684, 5202828, 5321784, 5245279, 5252743, 5207959, 5232217, 5219155, 5237022
Dijkstra's, 49, 2401, 165926493, 163422811, 163893038, 163597280, 163902369, 163789943, 164196727, 164290492, 162635365, 164296091, 163995060
A-Star    , 49, 2401, 5640401, 5591885, 5597949, 5597950, 5602148, 5630138, 5590952, 5597017, 5568560, 5617542, 5603454
Dijkstra's, 50, 2500, 181510718, 179850926, 179328918, 181039558, 179058817, 180037525, 179832266, 179388163, 179799145, 179367170, 179921320
A-Star    , 50, 2500, 6012198, 6010332, 5977677, 6027593, 5980943, 6000535, 6031791, 5989339, 6026659, 5985142, 6004220

Dijkster's vs A-Star Center to Corner
,j,j^2,Microseconds, , , , , , , , , , Average
Dijkstra's, 4, 16, 57379, 57379
A-Star    , 4, 16, 40586, 40586
Dijkstra's, 5, 25, 73240, 73240
A-Star    , 5, 25, 26124, 26124
Dijkstra's, 6, 36, 157209, 157209
A-Star    , 6, 36, 36853, 36853
Dijkstra's, 7, 49, 67176, 67176
A-Star    , 7, 49, 41985, 41985
Dijkstra's, 8, 64, 59245, 59245
A-Star    , 8, 64, 61578, 61578
Dijkstra's, 9, 81, 73706, 73706
A-Star    , 9, 81, 63910, 63910
Dijkstra's, 10, 100, 101230, 101230
A-Star    , 10, 100, 21459, 21459

Dijkster's vs A-Star Center to Corner
,j,j^2,Microseconds, , , , , , , , , , Average
Dijkstra's, 4, 16, 55979, 55979
A-Star    , 4, 16, 52714, 52714
Dijkstra's, 5, 25, 62511, 62511
A-Star    , 5, 25, 25191, 25191
Dijkstra's, 6, 36, 121288, 121288
A-Star    , 6, 36, 44317, 44317
Dijkstra's, 7, 49, 65776, 65776
A-Star    , 7, 49, 41518, 41518
Dijkstra's, 8, 64, 59712, 59712
A-Star    , 8, 64, 109160, 109160
Dijkstra's, 9, 81, 74173, 74173
A-Star    , 9, 81, 40586, 40586
Dijkstra's, 10, 100, 106361, 106361
A-Star    , 10, 100, 24725, 24725

Dijkster's vs A-Star Center to Corner
,j,j^2,Microseconds, , , , , , , , , , Average
Dijkstra's, 4, 16, 55980, 55980
A-Star    , 4, 16, 46184, 46184
Dijkstra's, 5, 25, 67642, 67642
A-Star    , 5, 25, 25657, 25657
Dijkstra's, 6, 36, 123156, 123156
A-Star    , 6, 36, 40119, 40119
Dijkstra's, 7, 49, 66243, 66243
A-Star    , 7, 49, 55513, 55513
Dijkstra's, 8, 64, 58779, 58779
A-Star    , 8, 64, 62044, 62044
Dijkstra's, 9, 81, 80705, 80705
A-Star    , 9, 81, 76973, 76973
Dijkstra's, 10, 100, 170739, 170739
A-Star    , 10, 100, 40585, 40585

Dijkster's vs A-Star Center to Corner
,j,j^2,Microseconds, , , , , , , , , , Average
Dijkstra's, 4, 16, 55980, 55980
A-Star    , 4, 16, 0
Dijkstra's, 5, 25, 75107, 75107
A-Star    , 5, 25, 0
Dijkstra's, 6, 36, 125955, 125955
A-Star    , 6, 36, 0
Dijkstra's, 7, 49, 64377, 64377
A-Star    , 7, 49, 0
Dijkstra's, 8, 64, 59712, 59712
A-Star    , 8, 64, 0
Dijkstra's, 9, 81, 77905, 77905
A-Star    , 9, 81, 0
Dijkstra's, 10, 100, 103563, 103563
A-Star    , 10, 100, 0

Dijkster's vs A-Star Center to Corner
,j,j^2,Microseconds, , , , , , , , , , Average
Dijkstra's, 4, 16, 56913, 56913
A-Star    , 4, 16, 0
Dijkstra's, 5, 25, 63444, 63444
A-Star    , 5, 25, 0
Dijkstra's, 6, 36, 127821, 127821
A-Star    , 6, 36, 0
Dijkstra's, 7, 49, 64377, 64377
A-Star    , 7, 49, 0
Dijkstra's, 8, 64, 63910, 63910
A-Star    , 8, 64, 0
Dijkstra's, 9, 81, 78372, 78372
A-Star    , 9, 81, 0
Dijkstra's, 10, 100, 112893, 112893
A-Star    , 10, 100, 0

Dijkster's vs A-Star Center to Corner
,j,j^2,Microseconds, , , , , , , , , , Average
Dijkstra's, 10, 100, 0
A-Star    , 10, 100, 0

Dijkster's vs A-Star Center to Corner
,j,j^2,Microseconds, , , , , , , , , , Average
Dijkstra's, 10, 100, 0
A-Star    , 10, 100, 0

Dijkster's vs A-Star Center to Corner
,j,j^2,Microseconds, , , , , , , , , , Average
Dijkstra's, 10, 100, 597120, 586390, 123623, 176804, 99831, 80704, 79771, 78839, 135752, 132020, 209085
A-Star    , 10, 100, 654966, 107761, 52248, 31722, 26591, 20060, 17727, 17727, 26590, 28923, 98431

Dijkster's vs A-Star Center to Corner
,j,j^2,Microseconds, , , , , , , , , , Average
Dijkstra's, 4, 16, 52715, 52715
A-Star    , 4, 16, 50382, 50382
Dijkstra's, 5, 25, 62511, 62511
A-Star    , 5, 25, 34054, 34054
Dijkstra's, 6, 36, 124555, 124555
A-Star    , 6, 36, 37786, 37786
Dijkstra's, 7, 49, 182868, 182868
A-Star    , 7, 49, 54114, 54114
Dijkstra's, 8, 64, 79772, 79772
A-Star    , 8, 64, 59245, 59245
Dijkstra's, 9, 81, 73240, 73240
A-Star    , 9, 81, 42918, 42918
Dijkstra's, 10, 100, 176803, 176803
A-Star    , 10, 100, 45250, 45250
Dijkstra's, 11, 121, 142282, 142282
A-Star    , 11, 121, 47116, 47116
Dijkstra's, 12, 144, 168873, 168873
A-Star    , 12, 144, 32188, 32188
Dijkstra's, 13, 169, 201528, 201528
A-Star    , 13, 169, 25657, 25657
Dijkstra's, 14, 196, 290629, 290629
A-Star    , 14, 196, 36853, 36853
Dijkstra's, 15, 225, 371334, 371334
A-Star    , 15, 225, 62044, 62044

Dijkster's vs A-Star Center to Corner
,j,j^2,Microseconds, , , , , , , , , , Average
Dijkstra's, 10, 100, 631175, 626043, 131087, 102164, 103563, 102630, 90967, 92367, 93766, 90968, 206473
A-Star    , 10, 100, 97965, 90501, 100297, 47583, 18194, 22392, 18660, 14928, 13995, 25657, 45017
Dijkstra's, 11, 121, 125022, 120357, 113826, 112893, 112893, 114292, 111027, 113359, 111494, 236049, 127121
A-Star    , 11, 121, 16794, 21459, 16794, 16794, 14928, 14462, 16794, 13995, 14461, 16794, 16327
Dijkstra's, 12, 144, 154411, 151613, 151146, 152545, 153945, 149746, 153479, 152079, 155344, 153945, 152825
A-Star    , 12, 144, 21459, 19126, 18660, 20060, 17260, 16794, 20992, 20992, 16794, 17727, 18986
Dijkstra's, 13, 169, 209459, 215523, 217856, 208059, 215056, 234650, 216923, 213657, 209458, 209459, 215010
A-Star    , 13, 169, 20993, 22858, 20060, 19593, 21459, 27057, 31722, 22859, 19593, 27057, 23325
Dijkstra's, 14, 196, 285965, 281299, 283166, 273836, 279900, 277567, 279900, 286431, 280833, 281766, 281066
A-Star    , 14, 196, 26124, 32189, 28923, 26124, 25657, 25191, 25658, 25657, 30789, 27057, 27336
Dijkstra's, 15, 225, 381130, 380664, 371800, 389527, 367602, 372267, 371334, 374600, 377865, 370867, 375765
A-Star    , 15, 225, 34988, 32188, 28457, 48982, 28923, 29856, 38720, 29389, 28923, 34521, 33494
Dijkstra's, 16, 256, 499622, 494957, 487959, 496356, 495422, 487959, 498222, 561199, 501954, 496823, 502047
A-Star    , 16, 256, 46184, 41052, 37787, 36854, 46650, 36853, 43384, 41985, 38720, 43385, 41285
Dijkstra's, 17, 289, 639571, 634906, 634440, 632108, 650768, 621378, 672226, 632108, 615313, 634906, 636772
A-Star    , 17, 289, 41519, 48516, 58779, 41985, 46650, 46183, 41518, 40585, 50849, 47117, 46370
Dijkstra's, 18, 324, 797715, 792583, 795383, 786519, 793983, 840633, 826171, 788851, 798182, 801447, 802146
A-Star    , 18, 324, 56446, 53648, 51315, 50849, 56447, 67643, 58313, 52714, 56913, 50382, 55467
Dijkstra's, 19, 361, 1074350, 976385, 987581, 989447, 982449, 991312, 1067819, 988047, 983849, 993645, 1003488
A-Star    , 19, 361, 72774, 56446, 71375, 72307, 67176, 57380, 70442, 69508, 64844, 67176, 66942
Dijkstra's, 20, 400, 1214300, 1213833, 1226895, 1216165, 1223162, 1288007, 1226895, 1235291, 1209634, 1212900, 1226708
A-Star    , 20, 400, 77439, 97965, 99365, 90034, 74173, 74640, 83970, 68576, 75573, 88635, 83037
Dijkstra's, 21, 441, 1814218, 1477406, 1476472, 1519857, 1554377, 1506795, 1464343, 1489067, 1543648, 1675668, 1552185
A-Star    , 21, 441, 88635, 88169, 71841, 73707, 75573, 73240, 77439, 86769, 75106, 80705, 79118
Dijkstra's, 22, 484, 1859002, 1924312, 1858069, 1864600, 1844541, 1847807, 1991022, 1834744, 1831946, 1864600, 1872064
A-Star    , 22, 484, 102630, 110561, 111027, 89101, 114293, 99364, 116625, 89568, 94699, 107761, 103562
Dijkstra's, 23, 529, 2961808, 2868974, 3262234, 2972071, 3312616, 3061173, 2875506, 3015455, 2892766, 3000994, 3022359
A-Star    , 23, 529, 149280, 146481, 160942, 130153, 174471, 181935, 158610, 148347, 139017, 156744, 154598
Dijkstra's, 24, 576, 4658469, 5155757, 5196809, 5145028, 5169752, 5164621, 4903847, 5242992, 5194010, 4873059, 5070434
A-Star    , 24, 576, 199195, 198262, 206659, 227186, 222987, 211324, 214590, 226719, 222520, 213657, 214309
Dijkstra's, 25, 625, 6527267, 6531932, 6504409, 6503009, 6426503, 6514671, 6537530, 6565520, 6475020, 6461957, 6504781
A-Star    , 25, 625, 257508, 241647, 259374, 286898, 235583, 243979, 257042, 262173, 259840, 303225, 260726
Dijkstra's, 26, 676, 8014003, 8020067, 8009337, 7998608, 8012137, 8031263, 8090508, 8003740, 7948693, 8054121, 8018247
A-Star    , 26, 676, 296227, 355006, 334947, 340078, 350808, 296694, 373200, 338679, 387195, 405388, 347822
Dijkstra's, 27, 729, 9775506, 9698534, 9691537, 9754047, 9800698, 9809095, 9813292, 9751714, 9652817, 9763844, 9751108
A-Star    , 27, 729, 334947, 360605, 370401, 478163, 391860, 404456, 384863, 387661, 375065, 399323, 388734
Dijkstra's, 28, 784, 11554271, 11655035, 11669496, 11659233, 11713814, 11715213, 11706816, 11559869, 11648036, 11590658, 11647244
A-Star    , 28, 784, 472097, 460435, 401656, 562599, 410987, 440376, 473031, 497756, 427781, 454838, 460155
Dijkstra's, 29, 841, 13870909, 13812130, 13810264, 13976338, 13904963, 13810731, 13685242, 13896100, 13796269, 13876507, 13843945
A-Star    , 29, 841, 503819, 553269, 458570, 538341, 486093, 528544, 672227, 466033, 480962, 438510, 512636
Dijkstra's, 30, 900, 16073256, 16188947, 16220203, 16416132, 16198278, 16097047, 16186148, 16104977, 16208540, 16111042, 16180457
A-Star    , 30, 900, 579859, 543939, 573794, 525279, 534609, 597119, 578926, 721209, 605050, 505220, 576500
Dijkstra's, 31, 961, 18441675, 18450539, 19088711, 18685655, 18432813, 18629209, 18641804, 18591422, 18734171, 18787352, 18648335
A-Star    , 31, 961, 568197, 580792, 563532, 548137, 576128, 646569, 660564, 710480, 605050, 635373, 609482
Dijkstra's, 32, 1024, 21894242, 21993606, 22274439, 22100901, 21861121, 21862053, 22076643, 21802808, 22023462, 21808406, 21969768
A-Star    , 32, 1024, 665229, 814508, 700216, 795382, 673159, 770191, 636773, 785586, 693685, 733804, 726853
Dijkstra's, 33, 1089, 24889638, 25014193, 25618777, 24677847, 24840656, 25179801, 24710501, 25627641, 24720765, 24783742, 25006356
A-Star    , 33, 1089, 726341, 684822, 885883, 725408, 727274, 821973, 828970, 731939, 735670, 789318, 765759
Dijkstra's, 34, 1156, 29066212, 28668754, 28829230, 28604844, 28472357, 28903403, 28602045, 29274271, 28344070, 29162311, 28792749
A-Star    , 34, 1156, 857427, 921804, 912940, 960523, 876553, 894747, 857894, 962389, 990846, 877487, 911261
Dijkstra's, 35, 1225, 32848127, 33211530, 32905506, 32595284, 32702579, 32856990, 32703979, 32788882, 32992275, 32869586, 32847473
A-Star    , 35, 1225, 922736, 1029566, 959124, 1020235, 1077614, 953059, 927402, 1032830, 946529, 852762, 972185
Dijkstra's, 36, 1296, 37402099, 37655409, 37361047, 37133862, 37407231, 37452015, 37265881, 37450148, 37093276, 37262149, 37348311
A-Star    , 36, 1296, 1165317, 1176513, 1053823, 1003908, 1034231, 1148989, 1103272, 1079947, 988514, 1052891, 1080740
Dijkstra's, 37, 1369, 43064475, 42826094, 42231307, 42371256, 42640893, 42252299, 42236438, 42401112, 42492547, 42499544, 42501596
A-Star    , 37, 1369, 1100473, 1191441, 1127531, 1283342, 1190041, 1056622, 1128463, 1229694, 1160652, 1090677, 1155893
Dijkstra's, 38, 1444, 48378843, 48104074, 48614892, 48485671, 48187578, 48433890, 48297205, 48686733, 48402168, 48475408, 48406646
A-Star    , 38, 1444, 1441018, 1449882, 1273545, 1263281, 1227361, 1136860, 1139193, 1289873, 1374775, 1429823, 1302561
Dijkstra's, 39, 1521, 55389871, 55078248, 55202337, 55004075, 55122099, 55138893, 54466201, 55198139, 55039062, 55151022, 55078994
A-Star    , 39, 1521, 1223630, 1389237, 1251620, 1243689, 1410229, 1522656, 1428889, 1469475, 1500731, 1482537, 1392269
Dijkstra's, 40, 1600, 62445682, 63059130, 61367134, 62488599, 61278033, 62458744, 62379439, 62561841, 61845296, 62193305, 62207720
A-Star    , 40, 1600, 1597296, 1684997, 1629484, 1846873, 1578169, 1645812, 1518458, 1486269, 1734447, 1485336, 1620714

Dijkster's vs A-Star Center to Corner
,j,j^2,Microseconds, , , , , , , , , , Average
Dijkstra's, 10, 100, 0
A-Star    , 10, 100, 111960, 84436, 134352, 49916, 16794, 22392, 20526, 13528, 24258, 18193, 49635

Dijkster's vs A-Star Center to Corner
,j,j^2,Microseconds, , , , , , , , , , Average
Dijkstra's, 10, 100, 636770, 618576, 136217, 108694, 104495, 90967, 86303, 89567, 89567, 91900, 205305
A-Star    , 10, 100, 99364, 83504, 49449, 22392, 20060, 16794, 16328, 21459, 14928, 13995, 35827

Dijkster's vs A-Star Corner to Corner
,j,j^2,Microseconds, , , , , , , , , , Average
Dijkstra's, 10, 100, 608313, 608313
A-Star    , 10, 100, 172138, 172138

