Dijkster's vs A-Star Corner to Corner
,j,j^2,Microseconds, , , , , , , , , , Average
Dijkstra's, 10, 100, 608311, 110093, 100297, 91433, 88634, 87235, 90500, 87701, 88635, 87234, 144007
A-Star    , 10, 100, 139949, 40119, 17260, 23791, 30789, 18660, 15394, 19126, 15394, 14928, 33541
Dijkstra's, 11, 121, 121289, 108693, 110560, 111026, 112426, 111026, 104495, 105428, 123622, 107761, 111632
A-Star    , 11, 121, 19593, 16328, 14461, 31255, 16793, 21459, 15394, 15394, 13528, 13528, 17773
Dijkstra's, 12, 144, 153010, 153477, 149278, 153943, 147879, 148812, 147879, 151611, 148812, 148812, 150351
A-Star    , 12, 144, 18660, 18193, 17727, 25657, 20992, 19593, 20059, 24725, 17260, 20992, 20385
Dijkstra's, 13, 169, 204791, 205259, 201993, 205258, 203858, 246776, 205725, 201527, 206658, 209457, 209130
A-Star    , 13, 169, 24258, 20526, 21926, 25657, 20059, 27523, 21925, 30322, 20992, 26124, 23931
Dijkstra's, 14, 196, 272434, 271501, 275233, 271034, 273366, 273366, 272434, 271501, 274766, 271967, 272760
A-Star    , 14, 196, 29856, 28923, 28923, 26590, 29389, 24725, 26123, 25657, 27057, 25657, 27290
Dijkstra's, 15, 225, 362001, 364333, 374129, 369464, 364333, 388124, 367599, 368998, 372263, 356403, 368764
A-Star    , 15, 225, 29390, 42918, 33121, 38252, 33121, 28922, 31722, 29389, 33588, 41984, 34240
Dijkstra's, 16, 256, 483289, 478159, 479091, 477225, 478158, 483289, 480957, 475360, 482823, 481890, 480024
A-Star    , 16, 256, 41984, 37319, 37786, 51314, 45716, 37320, 47583, 36853, 41052, 45717, 42264
Dijkstra's, 17, 289, 614841, 614375, 621839, 652161, 660092, 614375, 620906, 618107, 620440, 617640, 625477
A-Star    , 17, 289, 41518, 41519, 41052, 42451, 59712, 46183, 54114, 58778, 46183, 51315, 48282
Dijkstra's, 18, 324, 776249, 772983, 828030, 779515, 779048, 786512, 777648, 777182, 775316, 768319, 782080
A-Star    , 18, 324, 52714, 51781, 51781, 57379, 55979, 51315, 59245, 54580, 55979, 51781, 54253
Dijkstra's, 19, 361, 980107, 957716, 1008564, 963780, 962847, 1962548, 961915, 1031889, 967046, 973111, 1076952
A-Star    , 19, 361, 63910, 69042, 74173, 69975, 73240, 59712, 56446, 55980, 57379, 56913, 63677
Dijkstra's, 20, 400, 1244145, 1967679, 1197961, 1204959, 1208690, 1198428, 1197495, 1218021, 1185832, 1280997, 1290420
A-Star    , 20, 400, 80237, 83036, 90034, 81170, 77438, 107761, 66242, 65776, 69974, 74173, 79584
Dijkstra's, 21, 441, 1438673, 1447070, 1448003, 1444271, 1473194, 1438206, 1460599, 1730699, 1448003, 1472261, 1480097
A-Star    , 21, 441, 96099, 74639, 89567, 97032, 84903, 86302, 101696, 77905, 73240, 72307, 85369
Dijkstra's, 22, 484, 1859452, 1822132, 1821666, 2027858, 1897705, 1979342, 1812336, 2296092, 1974210, 1821199, 1931199
A-Star    , 22, 484, 108227, 102162, 107294, 102629, 111026, 94232, 114757, 122222, 107760, 94699, 106500
Dijkstra's, 23, 529, 3065810, 3214156, 3152579, 2911401, 2932393, 2933325, 2778449, 3143715, 3000034, 2893207, 3002506
A-Star    , 23, 529, 152544, 146480, 161874, 141815, 146013, 155343, 134818, 150212, 158608, 177735, 152544
Dijkstra's, 24, 576, 5210758, 5263005, 4682219, 5121191, 5175305, 5027892, 4794177, 5179036, 4729335, 5104397, 5028731
A-Star    , 24, 576, 223452, 283163, 254707, 239312, 260771, 306487, 217387, 222985, 214121, 283163, 250554
Dijkstra's, 25, 625, 6578524, 6447439, 6256642, 6409186, 6505284, 6633104, 6477761, 6518346, 6463300, 6417116, 6470670
A-Star    , 25, 625, 312086, 236047, 231849, 297158, 245377, 252840, 250041, 279898, 283629, 333078, 272200
Dijkstra's, 26, 676, 7944890, 7994339, 7947689, 7912235, 7933228, 8032125, 7873516, 8228986, 8155746, 7935560, 7995831
A-Star    , 26, 676, 320016, 320016, 355937, 313952, 300423, 344274, 349405, 338210, 317217, 339142, 329859
Dijkstra's, 27, 729, 9640136, 9809008, 9697049, 9760025, 9709644, 9676056, 9798278, 9634072, 9648999, 9608881, 9698214
A-Star    , 27, 729, 343807, 444570, 377862, 395589, 390457, 396987, 402120, 380194, 343341, 339143, 381407
Dijkstra's, 28, 784, 11578426, 11655865, 11691784, 11605483, 11692251, 11712776, 11531776, 11584491, 11546238, 11613880, 11621297
A-Star    , 28, 784, 458565, 466962, 412382, 445970, 442704, 417047, 437573, 425911, 504748, 473494, 448535
Dijkstra's, 29, 841, 13755562, 13722441, 13879650, 13712644, 13681855, 13860057, 13717309, 13734570, 13938895, 13668327, 13767131
A-Star    , 29, 841, 464630, 495885, 562594, 571924, 496818, 492153, 572857, 593382, 453900, 556063, 526020
Dijkstra's, 30, 900, 16136090, 16093639, 16252247, 16263443, 16203732, 16181340, 16130492, 16180407, 16103435, 16161281, 16170610
A-Star    , 30, 900, 664756, 583586, 558862, 510347, 573790, 8725337, 602246, 611576, 573790, 587318, 1399160
Dijkstra's, 31, 961, 18523149, 18856227, 18844098, 18668696, 18936464, 18504956, 27568503, 18768525, 18548340, 18611317, 19583027
A-Star    , 31, 961, 605978, 627437, 657759, 603646, 593849, 597582, 606445, 572857, 542069, 584053, 599167
Dijkstra's, 32, 1024, 21972419, 22382002, 22240188, 22123564, 21957491, 21937432, 21989213, 22261646, 21999942, 22131960, 22099585
A-Star    , 32, 1024, 835494, 680618, 806105, 670821, 630236, 765053, 710006, 726800, 712339, 703010, 724048
Dijkstra's, 33, 1089, 25059688, 25092343, 25337720, 25206634, 25358712, 25108203, 25167915, 25257016, 25021435, 25148788, 25175845
A-Star    , 33, 1089, 835494, 739396, 741728, 786512, 724001, 766919, 764587, 786046, 731932, 732398, 760901
Dijkstra's, 34, 1156, 29023503, 29037031, 29097676, 29011375, 30440717, 28834572, 28997379, 28955394, 28907346, 28853699, 29115869
A-Star    , 34, 1156, 853220, 840159, 914332, 813569, 1038887, 896605, 798174, 864883, 917131, 797708, 873466
Dijkstra's, 35, 1225, 32899617, 33903049, 32991049, 32835240, 32825444, 32717216, 33227563, 33042364, 32743807, 32845036, 33003038
A-Star    , 35, 1225, 953984, 901270, 866749, 931592, 940922, 891007, 918064, 1015562, 1017894, 903136, 934018
Dijkstra's, 36, 1296, 37912580, 38768134, 37731580, 38078186, 37872929, 38377210, 38575937, 37864065, 37613090, 37761436, 38055514
A-Star    , 36, 1296, 1205891, 1015095, 1093466, 1026757, 1175569, 1047283, 1079005, 1013695, 1165773, 975910, 1079844
Dijkstra's, 37, 1369, 44306838, 44859169, 42995518, 43494669, 43149462, 43015578, 43647680, 43341658, 43192380, 43387842, 43539079
A-Star    , 37, 1369, 1096732, 1197961, 1310853, 1122855, 1114458, 1317384, 1193296, 1052881, 1348640, 1416281, 1217134
Dijkstra's, 38, 1444, 49177988, 48944274, 49579640, 49116877, 50428197, 49051568, 49839012, 49041771, 49681337, 49220439, 49408110
A-Star    , 38, 1444, 1260005, 1390157, 1466197, 1453601, 1652328, 1313186, 1524042, 1567892, 1359368, 1243678, 1423045
Dijkstra's, 39, 1521, 55669743, 57530129, 55379583, 56093788, 55363722, 55599303, 55821821, 55749515, 55837216, 55373052, 55841787
A-Star    , 39, 1521, 1348173, 1554830, 1326247, 1604279, 1538503, 1420947, 1517044, 1589818, 1335577, 1443805, 1467922
Dijkstra's, 40, 1600, 63529731, 63348731, 62798732, 62703567, 63502674, 63452293, 62549157, 62722693, 63072565, 62547291, 63022743
A-Star    , 40, 1600, 1726968, 1584686, 1548766, 1511913, 1512846, 1613142, 1551565, 1602413, 1466663, 1476459, 1559542
Dijkstra's, 41, 1681, 71274494, 72213084, 70095659, 70838787, 71058507, 70260799, 71149940, 70933487, 70462792, 71391585, 70967913
A-Star    , 41, 1681, 1609877, 1668656, 1903769, 1648129, 1546900, 1655127, 1704109, 1556230, 1576289, 2104829, 1697391
Dijkstra's, 42, 1764, 80527905, 80484987, 80623537, 78989868, 79661156, 80718236, 78783678, 79692412, 80776081, 79045381, 79930324
A-Star    , 42, 1764, 1717171, 2020393, 1768952, 1719970, 1938757, 1925229, 1898171, 1779215, 1836594, 2051182, 1865563
Dijkstra's, 43, 1849, 89746329, 89181869, 89317620, 88539038, 88619275, 88683651, 89815837, 88711175, 89234583, 89051250, 89090062
A-Star    , 43, 1849, 2405252, 2200461, 1870182, 1900037, 2050249, 2049316, 2214923, 2046984, 1783880, 1842659, 2036394
Dijkstra's, 44, 1936, 101230523, 100230356, 99645370, 100535911, 100582560, 100093205, 99948125, 99923401, 99980781, 99673826, 100184405
A-Star    , 44, 1936, 2087102, 2012930, 2074507, 2279765, 2188798, 2129087, 2215855, 2130020, 2301690, 2168273, 2158802
Dijkstra's, 45, 2025, 113536215, 110920107, 111295170, 111364211, 111821843, 111745804, 111637578, 111331556, 111220531, 111602590, 111647560
A-Star    , 45, 2025, 2318484, 2290961, 2349740, 2565261, 2485023, 2589051, 2801307, 2313353, 2203259, 2406652, 2432309
Dijkstra's, 46, 2116, 125292376, 123941405, 122838142, 123942337, 123016810, 123373212, 123317233, 123767868, 123203874, 121943869, 123463712
A-Star    , 46, 2116, 2707075, 2525608, 2578788, 2664158, 3100331, 2561995, 2867083, 2635701, 2593716, 2540070, 2677452
Dijkstra's, 47, 2209, 137630258, 134649816, 135578609, 135598201, 135665843, 135540356, 135444725, 136141669, 135914952, 135694300, 135785872
A-Star    , 47, 2209, 2718737, 2896473, 2613776, 2873148, 2522343, 2756057, 2709874, 2702410, 2880145, 2494819, 2716778
Dijkstra's, 48, 2304, 150489215, 149192822, 150038112, 150236840, 149313179, 149412076, 148730059, 150080097, 148935317, 149585612, 149601332
A-Star    , 48, 2304, 3353172, 3076540, 2863351, 3174970, 2810637, 2913733, 3008431, 2817168, 2788245, 3294393, 3010064
Dijkstra's, 49, 2401, 166026324, 164577854, 163466195, 162845755, 163693845, 163546432, 163484854, 163468994, 163509578, 163329511, 163794934
A-Star    , 49, 2401, 3202960, 3081205, 3220220, 3532773, 3270602, 3310721, 3501051, 3030356, 3138583, 3201560, 3249003
Dijkstra's, 50, 2500, 180400459, 178896476, 178846561, 178245248, 178505553, 178709878, 178386596, 179137188, 178738801, 179048087, 178891484
A-Star    , 50, 2500, 3261273, 3406353, 3457667, 3326115, 3277133, 3415215, 3311187, 3341510, 3276200, 3750626, 3382327

Dijkster's vs A-Star Corner to Corner
,j,j^2,Microseconds, , , , , , , , , , Average
Dijkstra's, 10, 100, 622772, 607378, 113825, 106361, 118490, 102629, 90034, 89567, 90033, 90034, 203112
A-Star    , 10, 100, 115224, 83503, 43851, 22858, 23325, 20992, 15861, 15394, 14928, 14928, 37086
Dijkstra's, 11, 121, 123155, 115691, 112426, 112892, 114291, 113358, 110093, 107760, 422646, 109626, 144193
A-Star    , 11, 121, 25657, 17727, 15860, 24257, 14928, 18193, 19593, 15394, 79304, 13528, 24444
Dijkstra's, 12, 144, 157209, 149745, 153944, 151611, 148812, 152544, 150678, 149278, 153011, 149745, 151657
A-Star    , 12, 144, 21459, 22392, 17727, 20992, 16794, 22392, 19593, 17261, 17727, 16794, 19313
Dijkstra's, 13, 169, 215987, 208057, 210856, 212255, 208990, 208524, 203858, 206191, 207590, 208523, 209083
A-Star    , 13, 169, 25191, 19593, 23325, 20525, 23324, 20059, 23325, 20525, 21458, 20526, 21785
Dijkstra's, 14, 196, 278965, 276632, 278498, 285495, 276166, 276166, 279431, 278031, 283629, 278498, 279151
A-Star    , 14, 196, 31722, 29389, 25657, 25657, 26590, 26123, 38253, 30322, 29390, 25657, 28876
Dijkstra's, 15, 225, 369465, 367132, 372264, 375529, 368065, 370398, 376462, 373663, 374596, 373197, 372077
A-Star    , 15, 225, 30789, 28923, 28923, 28922, 32654, 34054, 29389, 30789, 28923, 29389, 30275
Dijkstra's, 16, 256, 488888, 516877, 494952, 494019, 496351, 493553, 487488, 487488, 497285, 489820, 494672
A-Star    , 16, 256, 44318, 37320, 36853, 42451, 41518, 41051, 41052, 36853, 83969, 36387, 44177
Dijkstra's, 17, 289, 635367, 636766, 635367, 627903, 647496, 629770, 631635, 622306, 633035, 640499, 634014
A-Star    , 17, 289, 47116, 46650, 46650, 46650, 41518, 41052, 46649, 41052, 59245, 41518, 45810
Dijkstra's, 18, 324, 792577, 811236, 786978, 793042, 800507, 795842, 789777, 798641, 800040, 879812, 804845
A-Star    , 18, 324, 57379, 53647, 63910, 55513, 59245, 56446, 56912, 58778, 50382, 61578, 57379
Dijkstra's, 19, 361, 1156443, 992237, 999701, 974510, 969845, 992703, 983373, 997834, 983373, 995502, 1004552
A-Star    , 19, 361, 69974, 62977, 62511, 57378, 60178, 56912, 63910, 62977, 56446, 60178, 61344
Dijkstra's, 20, 400, 1217554, 1238080, 1241345, 1296858, 1219887, 1284729, 1235747, 1254407, 1224551, 1213356, 1242651
A-Star    , 20, 400, 69974, 86302, 85369, 92832, 66243, 75572, 83969, 66243, 67175, 76505, 77018
Dijkstra's, 21, 441, 1670055, 1474593, 1536638, 1537104, 1488121, 1515179, 1484390, 1489988, 1486255, 1634135, 1531645
A-Star    , 21, 441, 87702, 72307, 76971, 89567, 72773, 74640, 78372, 73240, 89567, 72307, 78744
Dijkstra's, 22, 484, 1872514, 1861785, 1851989, 1956484, 1882777, 1791343, 1863650, 1844058, 1919630, 1782481, 1862671
A-Star    , 22, 484, 90966, 92367, 109160, 128287, 95165, 95166, 105894, 88168, 104495, 108693, 101836
Dijkstra's, 23, 529, 2888075, 2855887, 3508982, 3097532, 2900204, 3361103, 2908134, 2928195, 2951052, 2894140, 3029330
A-Star    , 23, 529, 131085, 137616, 172137, 167006, 145080, 131552, 149746, 145547, 202460, 163274, 154550
Dijkstra's, 24, 576, 4519412, 5202362, 5004100, 4962583, 5257875, 5000369, 4659360, 5122590, 5152912, 5015297, 4989686
A-Star    , 24, 576, 229516, 231382, 204792, 253774, 342875, 213655, 193130, 204791, 222985, 243044, 233994
Dijkstra's, 25, 625, 6387727, 6446506, 6465632, 6458634, 6448838, 6395657, 6400789, 6521611, 6520212, 6568727, 6461433
A-Star    , 25, 625, 279898, 277565, 262171, 245843, 264503, 232315, 300424, 325148, 259372, 279431, 272667
Dijkstra's, 26, 676, 8099766, 8047519, 7997604, 7909902, 7986408, 7993406, 7889844, 8122158, 7977545, 8048919, 8007307
A-Star    , 26, 676, 343341, 324215, 363867, 313019, 332145, 416581, 345673, 320483, 407251, 330279, 349685
Dijkstra's, 27, 729, 9770755, 9743698, 9675590, 9650866, 9758160, 9756293, 9823468, 9839329, 9635937, 9718041, 9737213
A-Star    , 27, 729, 370397, 439439, 355470, 432441, 369931, 352204, 388124, 457166, 401653, 369465, 393629
Dijkstra's, 28, 784, 11693651, 11686186, 11640937, 11625542, 11765024, 11702980, 11743099, 11656331, 11671259, 11666593, 11685160
A-Star    , 28, 784, 442705, 481890, 500550, 442704, 433841, 440838, 506614, 424978, 531805, 482823, 468874
Dijkstra's, 29, 841, 13665062, 13663195, 13707513, 13929565, 13831600, 13711711, 13860989, 13687453, 13731771, 13608150, 13739700
A-Star    , 29, 841, 572391, 587785, 505215, 440373, 539269, 542068, 490287, 524808, 540202, 450168, 519256
Dijkstra's, 30, 900, 16136090, 16070314, 16119296, 16195335, 16107634, 16130026, 16148219, 16139822, 16141688, 16067515, 16125593
A-Star    , 30, 900, 598047, 589651, 658692, 513612, 506148, 536470, 699277, 576122, 585918, 529473, 579341
Dijkstra's, 31, 961, 18390664, 18626244, 18777389, 18799315, 18772724, 18471368, 18400927, 18658899, 18760129, 18774123, 18643178
A-Star    , 31, 961, 579388, 563993, 549532, 745927, 570524, 675952, 559795, 596648, 713272, 620440, 617547
Dijkstra's, 32, 1024, 21826406, 21910375, 21996210, 21825940, 22287304, 21755032, 21898246, 21776491, 21749901, 22313894, 21933979
A-Star    , 32, 1024, 682017, 677352, 718404, 764121, 688081, 668022, 708141, 639566, 738929, 751991, 703662
Dijkstra's, 33, 1089, 24857696, 24914608, 25465540, 25002776, 24686025, 26499760, 24932801, 25059221, 25075549, 24760665, 25125464
A-Star    , 33, 1089, 828963, 779981, 748260, 909667, 656359, 707674, 769719, 806104, 767852, 689948, 766452
Dijkstra's, 34, 1156, 29037964, 28893817, 29027702, 28852765, 38995784, 28994114, 28661035, 28984317, 28737075, 28790255, 29897482
A-Star    , 34, 1156, 1052881, 870015, 831762, 839692, 931592, 859752, 1148046, 839693, 797241, 795375, 896604
Dijkstra's, 35, 1225, 33328792, 33590031, 32951398, 33056826, 33155723, 33400633, 33461744, 33036766, 32958395, 33439352, 33237966
A-Star    , 35, 1225, 1110260, 1030023, 909667, 1063144, 984772, 929260, 1037020, 961448, 873746, 935324, 983466
Dijkstra's, 36, 1296, 37379843, 38055795, 38950534, 37441886, 49080490, 38374878, 37500198, 38824580, 37496933, 37533319, 39063845
A-Star    , 36, 1296, 1147580, 977775, 1055680, 1333711, 1100930, 1037953, 1115391, 1057546, 1141515, 1336977, 1130505
Dijkstra's, 37, 1369, 44012013, 43100480, 42785129, 43637417, 43466213, 42891490, 44318968, 42807054, 42455317, 43788096, 43326217
A-Star    , 37, 1369, 1200294, 1322982, 1021160, 14577061, 1294993, 1134518, 1190031, 1050082, 1110260, 1161575, 2506295
Dijkstra's, 38, 1444, 48734350, 48888761, 49838545, 48499703, 49953771, 48787997, 50037740, 48685835, 49052500, 49154663, 49163386
A-Star    , 38, 1444, 1179768, 1211489, 1205425, 1272134, 1228283, 1444271, 1299191, 1191431, 1420946, 1201693, 1265463
Dijkstra's, 39, 1521, 55229837, 55713128, 55748115, 55380515, 56511768, 54773605, 55153799, 55903458, 56145103, 55735986, 55629531
A-Star    , 39, 1521, 1761955, 1391557, 1348173, 1425612, 1441006, 1277732, 1192830, 1283330, 1396222, 1298725, 1381714
Dijkstra's, 40, 1600, 62885501, 62952210, 62431600, 63261496, 62220277, 62214679, 62502974, 62897629, 62883635, 62989995, 62723999
A-Star    , 40, 1600, 1681717, 1453134, 1689181, 1622472, 1496985, 1587952, 1525908, 1561361, 1451269, 1562761, 1563274
Dijkstra's, 41, 1681, 71283824, 70807998, 70556558, 70230477, 71048244, 70646124, 71190059, 71023054, 70040613, 70566354, 70739330
A-Star    , 41, 1681, 1798341, 1872514, 1651862, 1530573, 1560428, 1624338, 1572091, 1714372, 1537104, 1901437, 1676306
Dijkstra's, 42, 1764, 80561493, 80322180, 79534736, 80136516, 79105560, 80083801, 80134183, 79954115, 80235413, 79893937, 79996193
A-Star    , 42, 1764, 2240579, 1982607, 2093166, 1922896, 1993803, 1725101, 1783880, 1717171, 1773150, 2091767, 1932412
Dijkstra's, 43, 1849, 94165910, 90060748, 88724237, 88407952, 88937892, 88862319, 88796077, 88838995, 88818003, 88636535, 89424866
A-Star    , 43, 1849, 2824632, 1830996, 1991470, 2057713, 2138883, 1997069, 1909834, 1846857, 1899104, 2046984, 2054354
Dijkstra's, 44, 1936, 101122296, 99091639, 100168312, 99016067, 99757329, 99614581, 100513518, 99710213, 99554870, 100892780, 99944160
A-Star    , 44, 1936, 2341809, 2269035, 2099231, 2007332, 2103430, 2038120, 2136084, 1939223, 2179002, 2076840, 2119010
Dijkstra's, 45, 2025, 112313996, 111650639, 111098309, 111636178, 111388469, 111344152, 110805816, 110740040, 111115568, 111264380, 111335754
A-Star    , 45, 2025, 2108094, 2379595, 2548933, 2390791, 2175269, 2445837, 2756524, 2378662, 2377729, 2363268, 2392470
Dijkstra's, 46, 2116, 124290809, 122659940, 123436190, 123188013, 131298976, 122576438, 129819252, 126462815, 123860701, 123355019, 125094815
A-Star    , 46, 2116, 2527008, 2758856, 2925862, 2591385, 2377729, 2304022, 2808304, 2404786, 2749527, 2782181, 2622966
Dijkstra's, 47, 2209, 137086323, 136306809, 135619661, 135626658, 136415502, 135742348, 147462123, 140071896, 137134839, 135966734, 137743289
A-Star    , 47, 2209, 2993037, 2621706, 2595116, 2673488, 2706142, 2914666, 2942655, 3541170, 2604913, 2983240, 2857613
Dijkstra's, 48, 2304, 151775810, 150906728, 150555923, 152873941, 150450962, 150355796, 149490447, 149023485, 151167966, 148507073, 150510813
A-Star    , 48, 2304, 3667590, 2910001, 2986506, 2937524, 2870815, 3333579, 3124589, 2877812, 2931926, 3612543, 3125288
Dijkstra's, 49, 2401, 165706773, 163403684, 164898337, 164704740, 162852753, 163865982, 162926925, 162862549, 163044016, 165082136, 163934789
A-Star    , 49, 2401, 3607879, 3139516, 3026158, 3110594, 2911867, 3174971, 3270136, 3333113, 3049017, 3793544, 3241679
Dijkstra's, 50, 2500, 181504654, 179836932, 179253346, 178736468, 180998506, 178604917, 178851693, 180223657, 178009201, 178774720, 179479409
A-Star    , 50, 2500, 3484724, 3653595, 3577090, 3502917, 3392824, 3611144, 4161609, 3688582, 3136718, 3515046, 3572424

Dijkster's vs A-Star Center to Corner
,j,j^2,Microseconds, , , , , , , , , , Average
Dijkstra's, 10, 100, 612509, 592916, 141348, 102163, 101229, 99830, 86302, 87701, 85835, 88167, 199800
A-Star    , 10, 100, 168871, 155809, 61111, 32188, 45250, 29856, 33588, 30789, 28456, 27057, 61297
Dijkstra's, 11, 121, 117091, 124555, 105895, 104495, 108227, 105895, 105895, 105895, 106827, 107294, 109206
A-Star    , 11, 121, 40119, 33121, 29389, 25190, 34054, 29856, 33121, 25657, 27523, 27057, 30508
Dijkstra's, 12, 144, 143680, 141814, 144148, 143214, 142748, 145081, 143681, 146013, 142748, 144147, 143727
A-Star    , 12, 144, 33588, 38719, 32188, 35453, 36386, 33588, 33121, 32188, 29389, 40585, 34520
Dijkstra's, 13, 169, 199660, 210390, 201059, 202460, 195462, 199661, 196861, 198727, 197327, 197794, 199940
A-Star    , 13, 169, 41051, 45716, 50848, 38719, 37319, 44783, 36854, 45717, 37786, 38253, 41704
Dijkstra's, 14, 196, 262170, 259838, 275699, 265436, 260305, 261704, 259838, 258905, 257972, 258905, 262077
A-Star    , 14, 196, 50848, 46649, 53647, 57379, 52247, 44317, 50381, 52247, 52247, 55513, 51547
Dijkstra's, 15, 225, 355936, 354536, 350338, 349872, 349405, 350338, 349872, 376462, 355003, 355003, 354676
A-Star    , 15, 225, 65776, 60645, 62977, 59711, 61111, 69041, 55980, 64377, 62044, 60178, 62184
Dijkstra's, 16, 256, 465097, 464630, 465563, 469761, 468362, 467895, 473027, 462297, 461364, 482356, 468035
A-Star    , 16, 256, 99364, 83037, 74640, 89567, 78837, 84902, 63443, 73707, 74173, 74173, 79584
Dijkstra's, 17, 289, 590584, 599913, 590117, 587785, 593849, 585919, 580788, 588251, 587318, 599914, 590443
A-Star    , 17, 289, 87701, 82570, 89100, 79771, 88168, 78838, 95632, 94698, 123622, 83503, 90360
Dijkstra's, 18, 324, 753857, 757123, 746393, 746860, 739863, 740329, 740795, 822432, 753391, 741261, 754230
A-Star    , 18, 324, 97964, 111026, 107761, 97497, 132952, 106827, 110560, 108228, 93766, 109626, 107620
Dijkstra's, 19, 361, 937190, 938589, 1021626, 947453, 933924, 936257, 936724, 936257, 936723, 944654, 946939
A-Star    , 19, 361, 133884, 116158, 125487, 136683, 114758, 131085, 116158, 122688, 123155, 109626, 122968
Dijkstra's, 20, 400, 1159242, 1153644, 1160175, 1256739, 1159709, 1160642, 1162508, 1161575, 1165307, 1219886, 1175942
A-Star    , 20, 400, 150211, 169805, 182867, 150212, 155343, 124554, 132485, 129686, 124088, 151145, 147039
Dijkstra's, 21, 441, 1445671, 1437740, 1412550, 1520776, 1474127, 1411150, 1426077, 1545967, 1406019, 1455467, 1453554
A-Star    , 21, 441, 201526, 162807, 165139, 138549, 169804, 181933, 181467, 168405, 149279, 166539, 168544
Dijkstra's, 22, 484, 1792277, 1786679, 1754024, 1783880, 1751225, 1765220, 1967213, 1878578, 1797875, 1960682, 1823765
A-Star    , 22, 484, 177269, 177269, 215054, 195461, 190330, 186132, 236513, 186598, 213188, 186598, 196441
Dijkstra's, 23, 529, 2856354, 3322383, 2804106, 2942189, 2838160, 2821834, 3045752, 3248677, 2840493, 2759789, 2947973
A-Star    , 23, 529, 322816, 304622, 340542, 285962, 285029, 272433, 333078, 303222, 301823, 275232, 302475
Dijkstra's, 24, 576, 5133320, 5099265, 4811904, 5153379, 5065211, 4624840, 5003167, 5214024, 5024160, 4885144, 5001441
A-Star    , 24, 576, 521542, 607844, 448769, 454834, 483289, 456233, 415182, 464630, 396521, 413782, 466262
Dijkstra's, 25, 625, 6390059, 6424114, 6510416, 6490822, 6425513, 6408719, 6285564, 7773220, 6448371, 6348074, 6550487
A-Star    , 25, 625, 527141, 666156, 575189, 546734, 544868, 578921, 475826, 567725, 561661, 534604, 557882
Dijkstra's, 26, 676, 7881913, 7922498, 7836197, 7857189, 7870251, 7818936, 7985942, 7813338, 7982210, 7877715, 7884618
A-Star    , 26, 676, 792110, 676418, 712806, 624638, 726800, 654027, 667555, 673620, 668488, 672687, 686914
Dijkstra's, 27, 729, 9568295, 9602816, 9684919, 9718040, 9621943, 9509984, 9534708, 9587889, 9535641, 9627074, 9599130
A-Star    , 27, 729, 755257, 779515, 723535, 775316, 727267, 737996, 750592, 774850, 835028, 852288, 771164
Dijkstra's, 28, 784, 11447340, 11491191, 11592420, 11573761, 11470199, 11467866, 11403490, 11477663, 11433346, 11462268, 11481954
A-Star    , 28, 784, 933925, 858353, 798175, 939523, 941855, 939989, 865816, 888675, 846690, 887275, 890027
Dijkstra's, 29, 841, 13537242, 13568497, 13646402, 13667394, 13694451, 13555435, 13545639, 13556368, 13558701, 13575028, 13590515
A-Star    , 29, 841, 1046351, 995502, 978242, 1024892, 974976, 1100464, 1095332, 9859389, 1109327, 922263, 1910673
Dijkstra's, 30, 900, 15914504, 15844064, 15986811, 15947159, 23864526, 15925700, 15907507, 15891646, 15882316, 15853393, 16701762
A-Star    , 30, 900, 1011363, 1184433, 1088802, 1063611, 1103729, 1082271, 1229683, 1112126, 1189098, 1223618, 1128873
Dijkstra's, 31, 961, 18542741, 18451309, 18536677, 18401860, 18287569, 18572131, 18516151, 18263311, 18412589, 18576795, 18456113
A-Star    , 31, 961, 1312253, 1261871, 1238547, 1196562, 1186299, 1308987, 1124722, 1102330, 1248343, 1237147, 1221706
Dijkstra's, 32, 1024, 21621148, 21615550, 21783021, 21562369, 21742436, 21756432, 21648205, 21518052, 21578696, 21616483, 21644239
A-Star    , 32, 1024, 1519377, 1569758, 1378028, 1269335, 1543634, 1541768, 1317384, 1358436, 1413016, 1639267, 1455000
Dijkstra's, 33, 1089, 24600190, 24690690, 25285472, 24601123, 24837170, 24796118, 24570801, 24519020, 25087212, 24649172, 24763696
A-Star    , 33, 1089, 1546433, 1469462, 1410217, 1582820, 1496518, 1615475, 1559496, 1452668, 1530106, 1571625, 1523482
Dijkstra's, 34, 1156, 28784657, 28882154, 28784657, 28488432, 28760866, 28504760, 28793521, 28603191, 28624649, 28636311, 28686319
A-Star    , 34, 1156, 1751225, 1691980, 1675186, 1905636, 1649996, 1738163, 1709707, 1647663, 1667256, 1810004, 1724681
Dijkstra's, 35, 1225, 32593595, 32800253, 32479304, 32770397, 32740541, 33043764, 32612256, 33176715, 32790456, 32399533, 32740681
A-Star    , 35, 1225, 2212123, 1895373, 1943888, 1881377, 1980275, 2036255, 1943421, 1891640, 1807672, 1762888, 1935491
Dijkstra's, 36, 1296, 37721784, 37503930, 37236161, 37277213, 37807152, 37277679, 37608425, 37853336, 37323397, 37794090, 37540316
A-Star    , 36, 1296, 2194396, 1999401, 2193463, 2170605, 1868316, 2093633, 2027391, 2076840, 2018527, 2187399, 2082997
Dijkstra's, 37, 1369, 42964264, 42684833, 42468845, 42978258, 42392806, 43201243, 42378344, 42980591, 42404935, 43028173, 42748229
A-Star    , 37, 1369, 2615642, 2399188, 2423446, 2555930, 2397788, 2234049, 2426712, 2279765, 2280231, 2144481, 2375723
Dijkstra's, 38, 1444, 48587404, 49166325, 49322135, 48686301, 48880830, 48538888, 49308607, 48502035, 49291347, 48452587, 48873645
A-Star    , 38, 1444, 2478025, 2439306, 2533538, 2530740, 2780781, 2454701, 2725735, 2413650, 2509281, 2340876, 2520663
Dijkstra's, 39, 1521, 55769573, 56368554, 54953206, 55453289, 54948074, 55831617, 55054902, 56284118, 55507403, 55556384, 55572712
A-Star    , 39, 1521, 2592317, 2761655, 2692614, 2711740, 2782181, 2720137, 2919797, 3015895, 2796176, 2816702, 2780921
Dijkstra's, 40, 1600, 62608869, 63402377, 62944279, 63380452, 63128078, 62739487, 62710564, 63725193, 62376087, 63344532, 63035991
A-Star    , 40, 1600, 3307456, 2985574, 3236082, 3134852, 3059280, 3493587, 2935658, 3095666, 2937524, 2968779, 3115445
Dijkstra's, 41, 1681, 71374325, 71279159, 70701171, 70588746, 70787939, 71433569, 71369660, 70883571, 70595744, 70678313, 70969219
A-Star    , 41, 1681, 3478659, 3323783, 3290662, 3469329, 3271069, 3356904, 3414283, 3696979, 3334979, 3820134, 3445678
Dijkstra's, 42, 1764, 80351570, 79751190, 80597880, 79889739, 79664422, 79952249, 79162472, 80108992, 79213787, 96316922, 81500922
A-Star    , 42, 1764, 3691381, 3662458, 3775817, 3457667, 3590152, 3855588, 3820601, 3612077, 4195197, 4112161, 3777309
Dijkstra's, 43, 1849, 90328515, 90182036, 90228219, 89366135, 88916433, 89171139, 89813505, 90443274, 89333947, 89338145, 89712134
A-Star    , 43, 1849, 4093967, 3720770, 4177936, 4093500, 4057580, 4003934, 3961016, 4280099, 3696046, 4066911, 4015175
Dijkstra's, 44, 1936, 100320389, 100624544, 101203932, 101645237, 100864790, 101552405, 100808810, 100669795, 100936164, 100828403, 100945446
A-Star    , 44, 1936, 4330014, 3987606, 4666358, 4568860, 4573524, 4261906, 4297359, 4351940, 4361270, 4140150, 4353898
Dijkstra's, 45, 2025, 113354282, 112910178, 111282108, 112189442, 111833973, 113101442, 112408696, 112472605, 112403564, 112535582, 112449187
A-Star    , 45, 2025, 4708808, 4842227, 5083405, 4775518, 4433110, 5172039, 4502151, 4784381, 4849224, 4913133, 4806399
Dijkstra's, 46, 2116, 125309637, 125265786, 124839876, 124420962, 125583937, 125311503, 125672104, 123467911, 124345856, 125529823, 124974739
A-Star    , 46, 2116, 5081539, 5034889, 5449138, 5327849, 5259740, 5137051, 5348841, 5119325, 5400622, 4991505, 5215049
Dijkstra's, 47, 2209, 136786833, 135112113, 135141969, 136795696, 136147268, 137320037, 135930347, 135747014, 135434928, 136556384, 136097258
A-Star    , 47, 2209, 5668857, 5953420, 5258807, 6646632, 5180902, 5757958, 5537305, 5470130, 5715973, 5531240, 5672122
Dijkstra's, 48, 2304, 154185261, 151344768, 151374624, 153660919, 153215416, 152187259, 154164268, 151373224, 181852660, 151770212, 155512861
A-Star    , 48, 2304, 5819535, 5905837, 6502485, 6269704, 6180136, 6001468, 6780516, 5959017, 5873649, 6520212, 6181255
Dijkstra's, 49, 2401, 166790910, 165849988, 164028788, 167592817, 176206195, 172978977, 164866615, 173071343, 172023127, 168808038, 169221679
A-Star    , 49, 2401, 6541671, 6450704, 6173139, 6591586, 6336879, 6140485, 6569661, 7388827, 6319152, 6859821, 6537192
Dijkstra's, 50, 2500, 183620213, 189449078, 184280771, 183162580, 180681289, 220023679, 230680310, 187485597, 183210629, 179534176, 192212832
A-Star    , 50, 2500, 7060881, 6846293, 6815971, 6744130, 6841628, 9962018, 8186535, 7790947, 6484291, 7152780, 7388547

