16 120 undirected
0 1 1.8004581183050537E8
0 2 8.353730651756897E8
0 3 2.836742599645776E8
0 4 1.4070077350944786E9
0 5 4.932035818510701E8
0 6 1.7003774218499446E9
0 7 7.974784615470874E7
0 8 4.521567671945856E8
0 9 2.9893700921907324E8
0 10 1.4604214813327332E9
0 11 2.1156307845416398E9
0 12 4.286704198669574E8
0 13 6.889378260440775E8
0 14 1.1721610260146413E9
0 15 1.5528489515058703E9
1 2 8.499515534768339E8
1 3 1.6603708449701047E9
1 4 1.2734137730523849E9
1 5 1.3800796694872298E9
1 6 1.219533301340765E9
1 7 4.416927958596918E8
1 8 1.690576609689316E9
1 9 5.836524049460435E8
1 10 1.9517174135468025E9
1 11 1.5605914384201603E9
1 12 1.5639545145762715E9
1 13 1.284890766236712E9
1 14 1.5932095135693008E8
1 15 1.4553518504895985E9
2 3 5.110076122270115E8
2 4 2.0003397161614962E9
2 5 1.9260385553567364E9
2 6 1.4326750047303293E9
2 7 1.1518077384212015E9
2 8 3.1958332573694843E8
2 9 4.571118523054291E8
2 10 3.3398710726657424E7
2 11 1.9024501860153651E9
2 12 1.2861386511888263E9
2 13 2.824923698961165E8
2 14 1.6347978009514682E9
2 15 1.3404045532384288E9
3 4 1.3616695443934798E9
3 5 1.1078032683618786E9
3 6 2.0684495375276613E8
3 7 1.2391430091334534E9
3 8 1.5741697969045932E9
3 9 8.555059090574727E8
3 10 1.294868765416525E9
3 11 2.0320353173608513E9
3 12 9.440719953438183E8
3 13 1.1883260278096185E9
3 14 2.0257178864862323E9
3 15 1.9326795701008582E9
4 5 1.9156363552922308E9
4 6 1.0069083009606321E9
4 7 1.5421935478622966E9
4 8 5.558381802842225E8
4 9 1.1719130238966916E9
4 10 1.1141680446307735E9
4 11 1.2043274576600046E8
4 12 1.8622241678400557E9
4 13 1.725575457201088E9
4 14 4.757834947939969E8
4 15 2.5628995243296018E8
5 6 1.0016025340784848E9
5 7 1.4145021377270896E9
5 8 1.9350755129989424E8
5 9 2.589571304000748E8
5 10 3.1395752872321266E8
5 11 2.752673720624379E8
5 12 1.564070067981443E9
5 13 1.3595835114677224E9
5 14 1.5870841514753063E9
5 15 4.496590441669497E8
6 7 1.090544217463765E9
6 8 2.0330047258554819E9
6 9 1.8158191693244884E9
6 10 7.020415117773025E8
6 11 8.005152072334365E8
6 12 2.0880407757249336E9
6 13 1.1378466491279223E9
6 14 1.6196791326813293E9
6 15 1.3423427194097462E8
7 8 1.570064493117119E9
7 9 2.3293850224893975E8
7 10 6.268005477409344E8
7 11 6.7974721779096E8
7 12 1.667564629445005E9
7 13 1.8710033122893732E9
7 14 1.2102130463699086E9
7 15 9.275638862248473E8
8 9 2.1329495799928296E9
8 10 4.04582081591139E7
8 11 1.3985797527187998E9
8 12 1.8906254509208424E9
8 13 1.9891735740447724E8
8 14 1.243491077905229E9
8 15 9.29748830083665E8
9 10 1.2025366944233205E9
9 11 1.6780683098920503E9
9 12 1.2308252418704312E9
9 13 1.9503361580389073E9
9 14 1.4094070294710858E9
9 15 4.0483418863584E7
10 11 5.221170728669028E8
10 12 4907174.496566695
10 13 3.968744731936895E7
10 14 2.142418103855374E9
10 15 1.551027733136447E9
11 12 1.7690911213153245E9
11 13 8.953034650447844E8
11 14 1.0402159650596504E9
11 15 2.8743049092163426E8
12 13 2.5304482322212502E8
12 14 9.33587039855668E7
12 15 2.0143117823623726E9
13 14 1.5826530744950876E9
13 15 1.5131997486677294E9
14 15 2.9810153010122883E8
