32 496 undirected
0 1 4.642681230975812E8
0 2 2.4551585493921706E8
0 3 1.8768658638207378E9
0 4 7.915308640435072E8
0 5 9.57636310290883E8
0 6 8.164575078355869E8
0 7 1.8560830575055974E9
0 8 6.58432183768793E8
0 9 7.285495872642847E8
0 10 9.944364565955161E8
0 11 2.0104393452235034E9
0 12 1.21233562639346E9
0 13 1.5370696071458323E9
0 14 2.3964870890789654E7
0 15 4.3986836546654296E8
0 16 2.0465072547702518E9
0 17 3.4483911710444856E8
0 18 3.756594772420428E8
0 19 1.430929409271475E9
0 20 1.1763367524016088E8
0 21 7.349919661348414E8
0 22 1.759338335447858E7
0 23 2.1067770239732566E9
0 24 9.530039703450608E8
0 25 1.9769899272830918E9
0 26 1.0882715488772962E9
0 27 9.951972561428307E8
0 28 2.0329015505942183E9
0 29 5.2269903846682847E8
0 30 1.4118815297307177E9
0 31 1.1886230781770396E9
1 2 1.3309826761448872E9
1 3 1.6864096003202543E9
1 4 1.358858440663061E9
1 5 1.3493952949567697E9
1 6 1.7807671903226125E9
1 7 2.0265721008644094E9
1 8 3.9867941706260306E8
1 9 2719254.531430472
1 10 4.1525141631605005E8
1 11 8.022291742669199E8
1 12 8.02956939255047E8
1 13 7.544108599236029E8
1 14 3.795949561340438E8
1 15 1.1099950785131066E9
1 16 2.0941880375671918E9
1 17 1.3498340178772001E9
1 18 1.7350735570093741E9
1 19 7.77933259461685E8
1 20 7.328547743309767E8
1 21 1.4767344256957068E9
1 22 7.18841012874031E8
1 23 1.6244326575034122E9
1 24 2.1137525477393644E9
1 25 1.1092726892340722E9
1 26 1.3479478223150294E9
1 27 1.6788160978798997E9
1 28 1.9064720920465875E9
1 29 2.036789529618564E9
1 30 1.7093853265477355E9
1 31 1.7442178266524322E9
2 3 8.408617940300868E8
2 4 3.6748768837338674E8
2 5 1.694584371415328E9
2 6 1.8591775533369932E9
2 7 1.1014445159000225E9
2 8 3.882747783311083E8
2 9 1.5539853422384727E9
2 10 1.678265377341825E9
2 11 1.5770446799545465E9
2 12 1.2189188709959316E9
2 13 6.37888027498446E8
2 14 1.220013282557706E9
2 15 1.320301116235077E9
2 16 1.4266828029145923E9
2 17 1.9925112998398876E9
2 18 2.1319029107587566E9
2 19 1.307984952356246E8
2 20 3.067591550891514E8
2 21 4.223948677260401E8
2 22 2.37404741872946E8
2 23 1.5773769443637664E9
2 24 1.2871960525391963E9
2 25 1.6185300672697535E9
2 26 2.0835885556765878E9
2 27 1.8578440023381789E9
2 28 1.15066313178796E9
2 29 2.2310164529772606E8
2 30 3.735875500559887E8
2 31 1.474448691038688E9
3 4 8.859256873075982E8
3 5 1.2604104105833719E9
3 6 6.831881296620164E8
3 7 1.7701405304996014E9
3 8 2.732940588133739E8
3 9 9.140063724053894E8
3 10 1.282129732559739E9
3 11 4.743765907556446E8
3 12 7.635983817447228E8
3 13 2.0073237041545367E9
3 14 2.5419496345388304E7
3 15 1.3069189431121235E9
3 16 1.4587231563131812E9
3 17 1.831426551620295E9
3 18 1.4929408791667743E9
3 19 2.3619508011699617E8
3 20 6.94628113132888E8
3 21 6.197022408420339E8
3 22 1.7939772891409004E9
3 23 6.063918230623336E8
3 24 1.3434162726788707E9
3 25 2.0562867520059693E9
3 26 1.209768138813884E9
3 27 1.732096206236212E9
3 28 1.4409239764156902E8
3 29 4.8549282380964273E8
3 30 2.0461392385534122E9
3 31 1.4295157638337868E8
4 5 1.746563999663035E9
4 6 2.096569225999815E9
4 7 2.0947407451028328E9
4 8 1.4103845591408926E8
4 9 4.869717069509975E8
4 10 9.858364114176124E8
4 11 1.829428013958585E9
4 12 1.0343802073253193E9
4 13 1.6041668918714697E9
4 14 2.4050773585643682E8
4 15 1.5988772207590575E9
4 16 3.77938187067109E8
4 17 1.8509466818188143E9
4 18 1.685122896353576E9
4 19 3.191667784930662E8
4 20 3.02919098699102E8
4 21 1.3650529844541857E9
4 22 2.0102968511956408E9
4 23 1.409177951050018E9
4 24 1.4923437346383953E9
4 25 8.658199527889959E8
4 26 3.151794149208763E8
4 27 2.1271460894414406E9
4 28 1.5332347760996234E9
4 29 1.7042688985695546E9
4 30 1.5534173029480772E9
4 31 7.276730469249276E8
5 6 1.7865776629717503E9
5 7 4.344691919922722E8
5 8 5.6744529315227E8
5 9 1.0153069725666472E8
5 10 1.7776483183633525E9
5 11 4.209929899458029E8
5 12 1.719730672741497E9
5 13 1.4692401683875713E9
5 14 1.878277031379229E9
5 15 2.2743369573725525E8
5 16 1.146701037166978E9
5 17 7.017043871007036E8
5 18 1.9952112443659775E9
5 19 5.1492315961407965E8
5 20 5.2293180952058977E8
5 21 1.4622710743639414E9
5 22 6.490011553827294E8
5 23 1.5646193993414965E9
5 24 3.538143699390524E8
5 25 6.548323045420893E8
5 26 8.012524830155514E8
5 27 2.2292933637308385E7
5 28 1.0708360489433714E9
5 29 1.6652604980763981E9
5 30 1.0322828398600577E9
5 31 7.549347494016919E8
6 7 1.6097143473950288E9
6 8 2.3144934879711974E8
6 9 5.603688170466E8
6 10 1.3015299714090502E9
6 11 1.6541176618470912E9
6 12 2.621701476860859E8
6 13 1.8169844807594568E8
6 14 1.3361153764522552E9
6 15 1.5747077645088294E9
6 16 1.575302200651415E9
6 17 1.7056108399706624E9
6 18 6.860327738465917E8
6 19 5.2939992982662743E8
6 20 7.233835267153121E8
6 21 1.3734284053284843E9
6 22 1.0319400017114742E9
6 23 1.0361818348118917E9
6 24 1.1890832199485545E9
6 25 3.5819280728873557E8
6 26 1.5627912525524755E9
6 27 1.0773415967183383E9
6 28 1.3263947925116167E9
6 29 1.7827874626914446E9
6 30 2.122706504364474E9
6 31 1.9651960504864855E9
7 8 1.246954192282506E9
7 9 5.639590608210877E8
7 10 2.130648615768698E9
7 11 1.4057538295323377E9
7 12 7.392407357652465E8
7 13 1.0053895480829514E9
7 14 2.119911494582201E9
7 15 1.9239776999601917E9
7 16 5.1711576628057367E8
7 17 1.460101624759912E9
7 18 1.9706727116977866E9
7 19 2.4929256012616837E8
7 20 1.1194625008417537E9
7 21 5.685543146409832E8
7 22 1.6298435242256486E9
7 23 1.8381741816695068E9
7 24 1.3764798996135786E9
7 25 1.8268753498002872E9
7 26 1.2310130745149796E9
7 27 1.4533094662832748E7
7 28 1.455674677441437E9
7 29 1.7226560231361623E9
7 30 2.5567626593454653E8
7 31 7.349122724105474E8
8 9 1.2168953116199913E9
8 10 5.914159954549173E8
8 11 1.1252302781457255E9
8 12 1.2410089516461601E9
8 13 1.8549295784734753E8
8 14 7.49050798902309E8
8 15 1.316644168049724E9
8 16 9.767098534448189E8
8 17 1.5037566541807363E9
8 18 3.0492666740811324E8
8 19 2.09505397663272E9
8 20 4.65534681076471E8
8 21 8.906391577735714E8
8 22 8.854437745152215E8
8 23 1.6025970095683768E9
8 24 8.135162832780192E8
8 25 1.7127058152313871E9
8 26 1.824016091514494E9
8 27 8.203619516667024E8
8 28 1.866521834019512E9
8 29 3.745277895755149E8
8 30 3.768839692001604E8
8 31 9.011584000814452E8
9 10 1.0041526307798461E9
9 11 1.74158011904847E9
9 12 4.386775157978647E8
9 13 6.809479456052254E8
9 14 2.0622584036316276E9
9 15 1.2415344193339071E9
9 16 4.49310564698494E8
9 17 2.1470765073923326E9
9 18 1.2556853820627766E9
9 19 4.244099881965938E8
9 20 6.68722796555753E8
9 21 1.419391145053622E9
9 22 3.157918474341388E8
9 23 1.43970509707424E9
9 24 2.3003136907398558E8
9 25 1.497511226266174E9
9 26 1.420844856287788E9
9 27 1.9334610127731287E9
9 28 9.153591594250603E8
9 29 8.632051168323845E8
9 30 1.0365794643798989E9
9 31 1.8123651561333616E9
10 11 2.0109621136891825E9
10 12 3.861304425088818E8
10 13 1.4556337593149862E9
10 14 1.5899954313371491E9
10 15 6.23203255014307E8
10 16 1.2991249209051774E9
10 17 1.7757453520049894E9
10 18 2.265134314349482E8
10 19 1.3952008273323793E9
10 20 1.278795671325178E9
10 21 1.118592652867116E9
10 22 4.5071199965935904E8
10 23 1.5405157504579318E9
10 24 7.443613785916984E8
10 25 1.2508426457085316E9
10 26 1.512300694185566E9
10 27 1.828892245225625E9
10 28 9.300981326548414E8
10 29 9.300606766239152E8
10 30 1.9369283641797223E9
10 31 9.721166219981211E8
11 12 1.4361284181396139E9
11 13 1.9586569895358008E8
11 14 2.1178020852530465E9
11 15 1.2154119813942387E9
11 16 1.919327130936383E9
11 17 4189455.4152873685
11 18 1.4501691880951282E8
11 19 1.2261148454496326E9
11 20 1.8256278264797776E9
11 21 5.813821039320636E8
11 22 1.261960078238892E9
11 23 1.9249847926283095E9
11 24 1.504297571497367E9
11 25 1.9357242204312565E9
11 26 7.824662146450509E7
11 27 2.010399048153083E9
11 28 1.176573218738961E9
11 29 6.965899839867488E8
11 30 7.111333690064319E8
11 31 1.5604429620166392E9
12 13 1.1201971745206008E9
12 14 1.8057329831166785E9
12 15 1.0553880734660244E9
12 16 1.0537653947721695E9
12 17 1.3080486018343084E9
12 18 1.3018485488331888E9
12 19 9.387138271764454E8
12 20 1.8335965607836087E9
12 21 9.305896082854104E8
12 22 9.217770541686709E8
12 23 1.789845929696573E9
12 24 8.46141400040292E8
12 25 1.2957850392237344E9
12 26 2.0898747923746285E9
12 27 1.9641452368519719E9
12 28 4.291127329094258E8
12 29 2.0915560113321972E8
12 30 1.9556087958047373E9
12 31 2.706062751467552E8
13 14 6.018838343120483E8
13 15 8.101656106364893E8
13 16 4.4292938165283835E8
13 17 5.246779215840279E8
13 18 2.136634945764232E9
13 19 1.24530467035665E9
13 20 2.1028620252195487E9
13 21 7.678653452402148E8
13 22 3.3163885752506584E8
13 23 3.888487213581032E8
13 24 7.152148272278371E8
13 25 1.5398703683399487E9
13 26 1.69396045736528E8
13 27 2.1187593999613678E9
13 28 2.785873438983543E8
13 29 2.0885162073308628E7
13 30 1.4954513929276433E9
13 31 3.6367556139393383E8
14 15 2.0043922520294816E9
14 16 8.869136998606984E7
14 17 1.531018396586398E9
14 18 7.323071819998845E8
14 19 5.396176512049903E8
14 20 3.644223994562317E8
14 21 2.1315826576776683E9
14 22 6.983969945855314E8
14 23 1.632470891473887E9
14 24 1.7761517054647693E8
14 25 1.1778580490039887E9
14 26 8.165300069265432E8
14 27 9.040714734124519E8
14 28 1.4501817063923132E9
14 29 2.0722358231682808E9
14 30 2.356584955040444E8
14 31 5.535869213876451E8
15 16 1.8235028082495291E9
15 17 1.3871639206037242E9
15 18 4.1977608517289823E8
15 19 2.2484435109400412E8
15 20 6.602885038220439E7
15 21 3.452141768575271E7
15 22 8.310050526948825E8
15 23 1.7380268720328155E9
15 24 1.8108203912388828E8
15 25 1.4795029573347154E9
15 26 1.9155665988927133E9
15 27 4.7623548954279196E8
15 28 1.7528027868967336E8
15 29 1.419087930755046E9
15 30 9.137009025978534E8
15 31 1.7086567462756507E9
16 17 1.795223786557611E8
16 18 1.6923743280378375E9
16 19 1.4921224165757957E9
16 20 1.6770810676379259E9
16 21 1.4755204714557292E9
16 22 3.511378002785275E8
16 23 5.8252549216997266E7
16 24 1.7125921636920307E9
16 25 1.2773461177690835E9
16 26 1.114295101629947E9
16 27 3.774294919798832E8
16 28 9.553635432500495E7
16 29 1.8852611252977908E9
16 30 9.671534683233026E8
16 31 1.8017247736433306E8
17 18 1.1233060421525717E9
17 19 1.9710697651403556E9
17 20 1.9028493814569968E8
17 21 1.1332375535798042E9
17 22 9.175228056290537E8
17 23 5.115032767806228E8
17 24 1.7536054011626372E9
17 25 2.4380986605173728E8
17 26 6.297517781803784E8
17 27 1.2153956896098554E9
17 28 1.6666759006174438E9
17 29 1.3289739648313159E8
17 30 1.2631492768678336E9
17 31 1.073036948895753E9
18 19 4.2477442692693913E8
18 20 1.2342988313551748E9
18 21 3.562768111244101E8
18 22 2.1944944420094317E8
18 23 8.507923252365628E7
18 24 7.59715306511544E8
18 25 9.04020893483504E8
18 26 1.2587975584360957E9
18 27 5.427720396976515E7
18 28 2.7838817825498417E7
18 29 6.880897394142687E7
18 30 3.0494105009179164E7
18 31 2.0118188812863903E9
19 20 1.532413554897118E9
19 21 1.9344554166605988E9
19 22 1.2821100519024923E9
19 23 2.0067238948043258E9
19 24 7.235185742700377E8
19 25 5.697350051294888E8
19 26 1.590842112972971E9
19 27 1.6144111150482008E9
19 28 1.947986252792769E9
19 29 2.1361697756482856E9
19 30 1.0040128953288952E9
19 31 1.8175784902159522E9
20 21 1.6698031584791942E9
20 22 1.6257935501059701E9
20 23 4.5817068928747207E8
20 24 2.089782374709022E9
20 25 6.496344545460559E8
20 26 1.977742564548824E8
20 27 6.328813261629103E8
20 28 4.1119550190599674E8
20 29 7.07538968222264E8
20 30 9.00110744073066E8
20 31 1.1285723279734464E9
21 22 3.961247195345924E7
21 23 1.8665238754355755E9
21 24 1.4225093303325918E9
21 25 1.2170882360884159E9
21 26 6.342052017726364E8
21 27 1.5586590635867047E9
21 28 1.0438609711637509E9
21 29 1.276615175862822E9
21 30 7.489161657489688E8
21 31 1.5118237863191562E9
22 23 2.0963135122042984E8
22 24 1.684310853426977E9
22 25 4.2047947868404603E8
22 26 5.316750874850652E8
22 27 4.276518654111668E8
22 28 1.990257861012649E9
22 29 1.864345722545393E9
22 30 2.428328439307945E7
22 31 2.0310681990633123E9
23 24 4.553814125047789E8
23 25 8.832324363494104E8
23 26 1.9713899069037986E9
23 27 1.5116611438344016E9
23 28 1.8310863923091834E9
23 29 1.6171664581563165E9
23 30 1.528643620011539E9
23 31 2.1329506296752706E9
24 25 1.607515721121791E9
24 26 9.22040509643246E8
24 27 1.895469764218176E9
24 28 5.2346483868363327E8
24 29 1.806687960773813E9
24 30 2.2590153205271962E8
24 31 2.2924435226556304E8
25 26 1.9372515835647633E9
25 27 3.288213650098826E8
25 28 2.0090449724884977E9
25 29 5.647010364751931E7
25 30 2.1062610746376038E9
25 31 1.6342083108325448E9
26 27 1.5773252754938808E8
26 28 5.852090927706143E8
26 29 7.742334928900571E8
26 30 2.5226844391661483E8
26 31 1.1083110015388274E8
27 28 2.730481406749758E8
27 29 5.7849880496393904E7
27 30 4.2326327856077623E8
27 31 7.271961881145554E8
28 29 2.408674438620891E8
28 30 2.0450049944626372E9
28 31 1.9775447387014172E9
29 30 2.214067095709479E8
29 31 2.131567670060442E8
30 31 1.1090702056624675E9
