8 28 undirected
0 1 2.0809580913517635E9
0 2 1.926860371767985E9
0 3 3.8925460552320695E8
0 4 4.560515420626796E8
0 5 1.2439080900638816E9
0 6 4.4037731098622465E8
0 7 8.806509620607122E8
1 2 1.6221465359857125E9
1 3 2.127384931581786E8
1 4 1.3302028588678112E9
1 5 1.726374521032057E9
1 6 1.1809182941501899E9
1 7 6.283276120966443E8
2 3 1.4515570864254415E9
2 4 7.666701475454949E8
2 5 1.5750512108166678E9
2 6 6.224033022111472E8
2 7 1.8528273768240373E9
3 4 1.9689148643883898E9
3 5 1.32927499128066E9
3 6 1.5950370655293539E9
3 7 7.349775485148432E8
4 5 7.242669359650788E8
4 6 2.0637360943367553E9
4 7 1.649657218211946E9
5 6 1.7673624504852762E9
5 7 1.582041022704233E9
6 7 5.834912596168181E7
