64 2016 undirected
0 1 4.32137957758458E8
0 2 2.0899865800480804E9
0 3 8.337130863896103E8
0 4 2.74787182677012E8
0 5 1.0522046588089533E9
0 6 2.3294504746293336E8
0 7 1.1832093356852067E9
0 8 9.691320510093977E8
0 9 5.607726774582579E7
0 10 1.7313409148730228E9
0 11 4.876258587665307E8
0 12 1.141008508796552E9
0 13 2.2255435982457578E8
0 14 1.8577170461894624E7
0 15 2.369306742124309E8
0 16 3.360285513966022E8
0 17 6.198310716543006E8
0 18 1.9976064116022768E9
0 19 5.439655243888954E8
0 20 1.0035680890158024E8
0 21 4.715671777224248E8
0 22 2.1185423270770376E9
0 23 8.571849266196085E8
0 24 1.1619665594893882E9
0 25 5.790052527007054E8
0 26 1.744369164389852E9
0 27 5.780256904215823E8
0 28 2.0034896071877232E9
0 29 3.404638606135286E8
0 30 1.4556918860949857E9
0 31 1.1652741916910772E9
0 32 3.235670761702862E8
0 33 3.4022981255011624E8
0 34 9.862051756371317E8
0 35 9.929070161850027E8
0 36 1.2680715175015094E9
0 37 1.3381662786715841E9
0 38 2.0226449669725146E9
0 39 4.863214140716926E8
0 40 6.46304794760674E8
0 41 4.0878543580188227E8
0 42 1.3875632922414894E9
0 43 1.2578787657224057E9
0 44 8.390458002097012E8
0 45 3.3178382189849085E8
0 46 1.1827235769806468E9
0 47 7.654071342811263E8
0 48 1.0426366191210338E9
0 49 4.056314131743184E8
0 50 1.288762997989496E8
0 51 1.887142108885189E9
0 52 6.354752715529383E8
0 53 1.7353935565865986E9
0 54 6.698609280977099E8
0 55 1.729081229712964E9
0 56 1.8755846192491944E9
0 57 1.5123591098216586E9
0 58 9.799351922882283E8
0 59 2.1143198683073106E9
0 60 1.998783806448541E9
0 61 7.844688027862674E8
0 62 1.8159607540537E9
0 63 1.3433635388647003E9
1 2 1.464080078216404E9
1 3 4.070824439668691E8
1 4 3.774394975135063E8
1 5 7.872544663898903E8
1 6 3.2173462457312156E7
1 7 1.3893295028373282E9
1 8 1.0531143886782961E9
1 9 7.71314794794723E8
1 10 9.854349850310761E8
1 11 1.9458525107839093E9
1 12 1.3297891103332705E9
1 13 2.1021150691670995E9
1 14 6.823720063791869E8
1 15 1.6013563637730455E9
1 16 1.2747043945486839E8
1 17 6.852297075523809E8
1 18 1.2074408237700517E9
1 19 1.071643338213039E9
1 20 1.1348697354525726E9
1 21 4.153986246744312E8
1 22 1.1674887186925712E9
1 23 5.216671561551675E8
1 24 9.01265422932821E8
1 25 2.0951777910772305E9
1 26 7.892676890672237E8
1 27 9.339441311427633E8
1 28 3.6518809830604625E8
1 29 5.1366008719044465E8
1 30 1.7406465388022099E9
1 31 1.5619279006486626E9
1 32 2.5355139540062055E8
1 33 1.7701691328135505E9
1 34 2.1322421437993639E9
1 35 1.5948765661420093E9
1 36 1.6546878473090286E9
1 37 1.4086566904730756E9
1 38 1.351812243810436E9
1 39 3.8874553139473546E8
1 40 1.1270282679718451E9
1 41 7.823794510362236E8
1 42 1.2336801765590003E9
1 43 1.6088111766761277E9
1 44 1.718187110504127E9
1 45 1.1114840088616128E9
1 46 1.1740775922766366E9
1 47 1.0705052799071501E8
1 48 4.706833129866051E8
1 49 1.4458455763407642E8
1 50 8.108502512541866E8
1 51 1.6122349174903166E9
1 52 2.046085803380576E9
1 53 9.192549338654227E8
1 54 1.8428099581797845E9
1 55 1.3798433263540754E8
1 56 1.2641583203806748E9
1 57 9.974971158467699E8
1 58 5.99664752925005E8
1 59 1.744977171594055E9
1 60 1.976835589393731E9
1 61 1.1696468716105316E9
1 62 1.203144350488765E8
1 63 2.7295836474851257E8
2 3 1.857354514424681E9
2 4 1.570765962201339E9
2 5 8.739490156166509E8
2 6 2.9315765603014505E8
2 7 6.635625894620384E8
2 8 2.8286569726514435E8
2 9 1.9729382889761238E9
2 10 1.7928798331226904E9
2 11 1.4751910198569077E8
2 12 8.581388696444682E8
2 13 2.0809156468989415E9
2 14 1.4810914023619554E9
2 15 6.283651524688255E8
2 16 8.57511846315202E8
2 17 8.649437189777381E8
2 18 9.633127314168768E8
2 19 1.2608038182135432E9
2 20 1.5680670161660358E8
2 21 1.2052128873720877E9
2 22 7.406630256245786E7
2 23 1.8397131685462608E9
2 24 1.35389979831107E9
2 25 1.6068473099171548E9
2 26 8.179835485494418E8
2 27 7.622877073042676E8
2 28 6.002702715639915E8
2 29 1.0431718402485821E9
2 30 1.1850936687386522E9
2 31 1.5550486506688187E9
2 32 1.8273789934564505E9
2 33 9.815878499555418E8
2 34 1.1079203042997804E9
2 35 1.8546737517429361E9
2 36 1.7933910991347363E9
2 37 1.8611080278510377E9
2 38 1.0716173808749751E9
2 39 6.751751328336002E8
2 40 1.1714657581606116E9
2 41 1.17512116244432E8
2 42 1.9923111571769342E9
2 43 1.0086870771782875E9
2 44 7.527091530549755E8
2 45 1.2829779936158266E9
2 46 1.2739247045292807E9
2 47 7.14022104854849E8
2 48 3.746895024250294E8
2 49 1.7074714653253267E9
2 50 1.7494648013638346E9
2 51 1.5591267938314703E9
2 52 1.629398833431262E9
2 53 8.722769369423585E8
2 54 1.3485543216499507E8
2 55 1.7940486195500093E9
2 56 1.0621238956855346E9
2 57 1.544767678451115E9
2 58 1.535381742295762E9
2 59 1.5207585720912504E9
2 60 2.1319481709752493E9
2 61 1.2300623599778502E9
2 62 7.665568775530306E8
2 63 1.877000076844666E9
3 4 2.0143460494810584E9
3 5 1.5634261917941475E9
3 6 6.895435141816164E8
3 7 1.1993566756980226E9
3 8 4.119304803967698E8
3 9 1.8011692217741898E8
3 10 2.0524584704270592E9
3 11 1.240882920737157E8
3 12 1.1884049810700717E9
3 13 1.2401863702558155E9
3 14 9.841379665265907E8
3 15 1.5481451146689737E9
3 16 1.4111275196140936E8
3 17 5.591984302293524E8
3 18 2.0865377573257344E9
3 19 1.3740850305061064E9
3 20 5.648332208658102E8
3 21 2.0618797353424706E9
3 22 9.510299646484183E7
3 23 1.2639811388667378E9
3 24 6.349532929586575E8
3 25 3.074580346853938E8
3 26 1.03914593030546E9
3 27 2.0848196218704948E9
3 28 9.441891033113807E8
3 29 1.6919592532253844E8
3 30 2.0739835446075323E8
3 31 1.1544964608638897E9
3 32 2.1659951957674053E8
3 33 3.680041953858914E8
3 34 1.712952047957296E9
3 35 8.974697754091626E8
3 36 1.2328998056584102E8
3 37 8.0676693062966E8
3 38 2.217288816873824E8
3 39 1.22196006350562E9
3 40 7.501786504302233E8
3 41 2.0169517435196476E9
3 42 1.469830119115941E8
3 43 2.1049242373753452E8
3 44 1.9757185931223466E9
3 45 6.995391082267143E8
3 46 6.963542291406872E8
3 47 6.88197243229338E7
3 48 1.8090463807364762E9
3 49 1.4190438390832043E8
3 50 2.1132821417639651E9
3 51 4.665216753664529E7
3 52 1.5483819792294621E9
3 53 9.763925123955575E8
3 54 1.8023674672981248E9
3 55 3.242976716987195E8
3 56 1.3988147068871002E9
3 57 9.985260508552148E8
3 58 9.558471021061575E8
3 59 1.0658609578558952E9
3 60 2.017085246736725E9
3 61 2.129687299167328E9
3 62 8.77500638880217E8
3 63 7.059680304390283E8
4 5 1.3644997999104054E9
4 6 1.1699321016483107E9
4 7 9.34751938095457E8
4 8 1.9011577155534408E9
4 9 1.7693556817355597E9
4 10 1.7557647453581586E9
4 11 9.953519210236753E8
4 12 9.64269557151912E8
4 13 1.115616153071034E9
4 14 2.8196935655737174E8
4 15 1.1240195027461863E9
4 16 1.5435005615156388E8
4 17 2.088770032116634E9
4 18 1.3259157499251397E9
4 19 1.7016119379246798E9
4 20 1.3976235785861588E9
4 21 3.471349316028235E8
4 22 3.052434019149736E8
4 23 1.4775698588769114E9
4 24 4.8225748313436097E8
4 25 5.525648599147532E8
4 26 8.569135141073792E8
4 27 1.5877956097609065E9
4 28 6.375318438322738E8
4 29 1.9063254983210044E9
4 30 6.461957466213045E8
4 31 8.726453613969387E8
4 32 1.5291134514651008E9
4 33 2.1568996206238377E8
4 34 1.689266765567E9
4 35 2.1076675504508944E9
4 36 2.3487012703804594E8
4 37 4.991884360982424E7
4 38 9.138885011625725E8
4 39 4.2665487336570066E8
4 40 5.695473918505877E8
4 41 7.668255369229014E8
4 42 1.6109995164949198E9
4 43 4.309366515593495E8
4 44 1.4931413400410473E9
4 45 2443884.0316917393
4 46 1.6370428298286918E8
4 47 1.504492530086245E8
4 48 1.5763468910298808E9
4 49 6.557809367246559E8
4 50 1.461371529396259E9
4 51 4.678551264069754E8
4 52 2.0061615760704079E9
4 53 1.4468266625539386E9
4 54 1.2833943947993314E9
4 55 1.1602286936230762E9
4 56 7.916964511470981E7
4 57 1.07385859976695E9
4 58 2.0836367950202186E9
4 59 8.68268049193429E8
4 60 2.0420060484202049E9
4 61 1.5217793301392858E9
4 62 1.8064902632004454E9
4 63 4.373518300579739E8
5 6 3.2162462875892806E8
5 7 1.0581529730190215E9
5 8 1.0975776086492698E9
5 9 9.399096656919897E8
5 10 1.3871413017468204E9
5 11 4.2293504619611573E8
5 12 2.1960456661733553E8
5 13 2.192442120066377E7
5 14 5.0192797068435526E8
5 15 1.4449134944831247E9
5 16 1.6469081257125041E9
5 17 1.5431027258245413E9
5 18 1.379653039260093E7
5 19 1.831487979134638E9
5 20 1.2238025550788476E8
5 21 1.523309577654654E9
5 22 5.308109468403434E8
5 23 1.5742326324428067E9
5 24 7.163535624379833E8
5 25 3.0726142175456762E7
5 26 1.4381125488881679E9
5 27 9.309706840250471E8
5 28 1.5781657683435264E9
5 29 3.172444995417988E8
5 30 1.3778822222244172E9
5 31 1.1024789494674666E9
5 32 3.120122040089355E8
5 33 3.140220682529785E8
5 34 9.936070075357231E8
5 35 5.543106561037602E8
5 36 1.7426223557385535E9
5 37 7.785717341125267E8
5 38 2.1217399671413286E9
5 39 4.884123597942995E8
5 40 1.5836136374386396E9
5 41 1.689627797056694E9
5 42 1.9109089857256892E9
5 43 2.0508993346238363E9
5 44 1.62453418081179E9
5 45 1.4210186685977075E9
5 46 1.3559995934278715E9
5 47 6.982412174587113E8
5 48 4.86218031128842E8
5 49 1.4670469432596927E9
5 50 1.6998556703890336E9
5 51 1.7521393442956634E9
5 52 1.3375800386204658E9
5 53 2.840623264857506E8
5 54 1.5503398279208E9
5 55 1.0642687212943022E9
5 56 1.9682867958265514E9
5 57 1.8754904010640044E9
5 58 1.3885792397376163E9
5 59 8.28486820314011E8
5 60 1.0984320892561398E9
5 61 5.768259841585299E8
5 62 4.7015468719519097E8
5 63 1.211095871673513E9
6 7 1.490450969444052E9
6 8 1.5284701265379078E9
6 9 5.167716421949059E8
6 10 3.606549357175426E8
6 11 2.1410998499425151E9
6 12 1.4207937785697274E9
6 13 1.5399107113506005E9
6 14 6.153203236100253E8
6 15 1.3277732209569821E9
6 16 1.6535218339937084E9
6 17 1.4467264921694088E9
6 18 1.2291548155768785E9
6 19 1.0682394022499216E8
6 20 2.0196716083991897E9
6 21 4.1025164137235147E8
6 22 6.389563075940117E8
6 23 7.961535803453192E8
6 24 1.996731705714573E9
6 25 1.9954729170731547E9
6 26 1.0459350032573059E9
6 27 5.1291686509179693E8
6 28 8.769549808668925E8
6 29 1.5043600345301382E7
6 30 1.528772803281328E9
6 31 1.0121288022921174E9
6 32 5.0331564408902043E8
6 33 1.0253422567375804E9
6 34 2.161029147522273E8
6 35 5.414740566165375E8
6 36 1.3592163514010406E8
6 37 1.7147276875474315E9
6 38 2.955179369077431E8
6 39 9.076798531048396E8
6 40 6.749551599616597E8
6 41 1.3649917111291595E9
6 42 1.8372965698334446E9
6 43 3.734884346202398E7
6 44 2.0313178640173464E9
6 45 1.1611076920060042E8
6 46 2.1883623504929936E8
6 47 4.1323518407412887E8
6 48 9.766911327587676E8
6 49 1.412229421017118E9
6 50 1.4185624115143688E9
6 51 2.062441617335202E9
6 52 1.1264128322740018E7
6 53 1.105662765405808E9
6 54 3.10884371099895E8
6 55 1.4891277142348635E9
6 56 1.3325923056973038E9
6 57 1.666595953995582E9
6 58 1.5921740550722506E9
6 59 3.9744603223303825E8
6 60 1.9845149261943345E9
6 61 1.5658810025403123E9
6 62 1.8051322558718708E8
6 63 3.7011583624433553E8
7 8 9258232.135953072
7 9 1.4369195680124986E9
7 10 1.6293484876255267E9
7 11 1.3111899370692065E9
7 12 1.2785097682000134E9
7 13 7.776552671439424E8
7 14 4.4218200319790393E8
7 15 1.4316723178424032E9
7 16 1.9677291748767903E9
7 17 1.6063989430767828E8
7 18 1.5452007801237392E8
7 19 7.530443610214145E8
7 20 4.0908623696456707E8
7 21 2.3180450607195327E8
7 22 8.25475843133665E8
7 23 2.0192381371084545E9
7 24 1.7170346397616306E8
7 25 1.1286959774122963E9
7 26 5.975772354665661E8
7 27 1.8695025706892173E9
7 28 2.606579174153167E7
7 29 6.494355894417632E8
7 30 8.254545901683979E8
7 31 1.1977229214800298E9
7 32 1.3985000233733826E9
7 33 9.14260288612203E8
7 34 8.70404455336727E8
7 35 1.516594466902159E9
7 36 1.2272666351133828E9
7 37 1.2526771226509206E9
7 38 1.8284786445284493E9
7 39 1.6059308247947255E7
7 40 1.1323497503958182E9
7 41 2.027562040027383E9
7 42 8.305501058450711E8
7 43 1.6782097937680902E9
7 44 1.2508900627536807E9
7 45 4.2176184849364126E8
7 46 1.5950957724664829E9
7 47 7.319542999276929E7
7 48 1.6350320879489934E9
7 49 9.56568678209908E8
7 50 1.5021690176317313E9
7 51 1.3055409673015E9
7 52 1.74780385893476E9
7 53 1.7062690101532633E9
7 54 4.3572965015025556E8
7 55 1.2663292271774623E9
7 56 3.2201900695026726E8
7 57 9.269292149127265E8
7 58 6.260320995807607E8
7 59 1.9391400147217107E9
7 60 2.127478010214556E9
7 61 1.7779221945979588E9
7 62 2.970774992373713E8
7 63 1.3905917786108685E8
8 9 6.632108383147045E8
8 10 4.672056024316356E8
8 11 3.846825671739077E8
8 12 8.824124072607752E8
8 13 4.0032063448616594E8
8 14 1.8737175776570497E9
8 15 2.1363138012570996E9
8 16 1.5214155412483656E9
8 17 1.727456158551725E9
8 18 1.7440875096727777E9
8 19 7.360177573682536E8
8 20 2.0668161190709248E9
8 21 8.537152893237344E8
8 22 1.0631669788052716E9
8 23 1.0546184646703571E9
8 24 8.560319575399703E8
8 25 3.3632864078112316E8
8 26 1.5647765888480046E9
8 27 1.717569696743811E9
8 28 1.2397783957140823E8
8 29 5.186423803082558E8
8 30 1.0772709244323256E9
8 31 6.73254152228944E8
8 32 3.6828718929837203E8
8 33 1.6748011367270555E9
8 34 1.495042520450455E9
8 35 2.1134067664171724E9
8 36 1.0909915043245656E9
8 37 2.0825669467668948E9
8 38 1.434100342125067E9
8 39 5.281204400513064E7
8 40 3.685495422941024E8
8 41 3.8358700699858826E8
8 42 1.0638789899126893E9
8 43 1.7398017499673073E9
8 44 1.9781139192809842E9
8 45 5.094143251094101E8
8 46 6.399589072396692E8
8 47 1.4823969232126858E9
8 48 2.000807795547263E9
8 49 2.0689751547153971E9
8 50 8.395855520997213E8
8 51 1.1029857336959532E8
8 52 1.4131631998357427E8
8 53 6.85992234695279E8
8 54 4.546154877911124E8
8 55 2.1030469676904416E9
8 56 3.067854010291311E8
8 57 1.0840308012872171E9
8 58 1.8967815905392954E9
8 59 1.957548381684197E9
8 60 8.598041390704155E8
8 61 1.5445204559151192E9
8 62 8548978.43733663
8 63 1.5860319896694903E9
9 10 6.985963282387044E8
9 11 6.231148999056317E8
9 12 1.6156327560417533E9
9 13 1.9714513829948487E9
9 14 6.454253871662117E8
9 15 7.59401510919996E8
9 16 1.456757406085402E9
9 17 6.41485453195103E8
9 18 1.2807541161902969E8
9 19 6.472711650567974E8
9 20 1.3238258541118262E9
9 21 1.10690825284418E9
9 22 1.657168568002202E9
9 23 1.6387917831822114E9
9 24 2.1459137793970048E9
9 25 2.9435510324467603E7
9 26 1.479321287528155E9
9 27 2.101469999113698E9
9 28 1.0265095853047076E9
9 29 2.1246540691616452E9
9 30 1.4616723563543677E9
9 31 7.34369058211719E7
9 32 3.481290902206908E8
9 33 1.6922363729713387E9
9 34 1.3988438352295547E9
9 35 1.259640015816521E9
9 36 2.1034472974287426E9
9 37 1.284998507430164E9
9 38 1.7017894211397855E9
9 39 8.09065911377922E8
9 40 1.3492651097281053E9
9 41 1.2793702790186915E9
9 42 1.8362423931168678E9
9 43 1.0989787619974916E8
9 44 7.347915502470781E8
9 45 9.361574258756417E7
9 46 3.152202927609611E8
9 47 1.1763604874719436E9
9 48 4.791921147816305E8
9 49 5.2716735707047635E8
9 50 1.6159345771377935E9
9 51 1.2471987712745643E9
9 52 4.509186640806211E8
9 53 1.405857267908919E9
9 54 1.201583581537998E9
9 55 1.2084701945238104E9
9 56 1.8126359618107514E9
9 57 1.920867436963565E9
9 58 5.9250861131988205E7
9 59 1.3746577445251532E9
9 60 1.8716725364646473E9
9 61 1.9775718028658774E9
9 62 6.11229632818435E8
9 63 8.286680754772943E8
10 11 8.096276022244911E8
10 12 1.4292812491098392E8
10 13 1.1592697154780892E8
10 14 1.9914607002751037E8
10 15 1.2516801687614002E9
10 16 5.2973806670907336E8
10 17 2.6029071810460323E8
10 18 1.1621870212045164E9
10 19 1.4353597551372633E9
10 20 3.8073738289752775E8
10 21 1.1483793397527435E9
10 22 1.2414495207493362E9
10 23 2.067987189381033E9
10 24 1.2889823726971737E8
10 25 1.0765658742883444E9
10 26 1.7933433230277345E9
10 27 1.397172836935483E9
10 28 1.7619660226988475E9
10 29 2.1137914409023755E9
10 30 9.454977283396147E8
10 31 1.4734570800132241E9
10 32 1.4021194662264543E9
10 33 7.37188398832932E8
10 34 1.3583120845413647E9
10 35 2.0798307899622815E9
10 36 6.867801826451067E8
10 37 2.0661703920827255E9
10 38 1.6627519694664736E9
10 39 2.0230808500218265E9
10 40 8.219518458335901E8
10 41 1.5160229044920409E9
10 42 8.10853544667826E8
10 43 1.5128715383476675E9
10 44 6.435305030002972E8
10 45 4.69791647190811E8
10 46 8.728458325119159E8
10 47 8.329646299048781E8
10 48 2.4378598585677278E8
10 49 1.1358740289056115E9
10 50 6.452272636308087E8
10 51 1.0764678976147756E8
10 52 5.990193385783128E8
10 53 3.523179537682712E8
10 54 1.8802420151820185E9
10 55 1.2104322194723284E9
10 56 5.514771921223059E7
10 57 2.1344841371624463E9
10 58 1.07726993927955E9
10 59 4.641390061646434E7
10 60 1.1633100439668713E9
10 61 6.828829447529004E8
10 62 1.5692262493411896E9
10 63 2.1362364761438198E9
11 12 3.729444945556511E8
11 13 6.282405981693887E8
11 14 1.8365829389477224E9
11 15 1.217549399998858E9
11 16 1.6939228854803784E9
11 17 1.4045205128629315E9
11 18 1.5307422591290805E9
11 19 9.736393195188712E8
11 20 9.01811477816804E8
11 21 1.7937306874169238E9
11 22 9.071290787805187E8
11 23 1.4227922693537529E9
11 24 6.958359157128295E8
11 25 2.1375207590789149E9
11 26 1.3646146831687458E9
11 27 2.1883481312180167E8
11 28 1.340993739425995E9
11 29 4.024868354810467E8
11 30 6.803439782135327E8
11 31 5.2936127870265967E8
11 32 1.6731637513118415E9
11 33 1.8769670304380374E9
11 34 6.956968442464297E7
11 35 1.0541256679737442E9
11 36 4.6910539372844803E8
11 37 5.726049823512416E8
11 38 4.569680110370298E8
11 39 1.8672662792056477E8
11 40 1.3554533583449073E9
11 41 1.102128861105723E9
11 42 1.9055634090190697E9
11 43 1.3618734243940895E9
11 44 1.1629111688327086E9
11 45 1.2614192904244153E9
11 46 2.0153143322291965E9
11 47 2.0021064163498437E9
11 48 3.5433048378971055E7
11 49 1.809805353439359E9
11 50 2.7478490065627594E7
11 51 1.361726647183705E9
11 52 1.2258602898891613E9
11 53 1.2618213137546296E9
11 54 1.813470092491968E9
11 55 1.1631765867783725E9
11 56 1.2774775861444128E9
11 57 1.5205850635089962E9
11 58 1.9204342943283088E9
11 59 1.2431515500922728E9
11 60 1.9785801425447552E9
11 61 6.922722448984754E8
11 62 1.911855997173023E9
11 63 9.506436565591774E8
12 13 1.0051782224045383E9
12 14 1.466178372289858E9
12 15 1.4255250026480058E8
12 16 1.4719623252220893E9
12 17 5.284155260700339E8
12 18 1.2974716144593157E8
12 19 1.3724801270075452E9
12 20 1.1057540063989708E9
12 21 8.730151614016703E8
12 22 3.107268664915112E8
12 23 7.238050427625989E8
12 24 1.954034707770671E9
12 25 8.914470894045585E8
12 26 1.2192055610765564E9
12 27 1.2950541048633373E9
12 28 1.601515960092914E9
12 29 1.9071066250009298E9
12 30 1.130438458738535E9
12 31 9.156266746265243E8
12 32 1.0712240722645115E9
12 33 2.2039775611682287E8
12 34 2.45150807730849E8
12 35 1.3524343824228895E9
12 36 1.6262549252329526E9
12 37 1.5088723644028063E9
12 38 1.9307104515675392E9
12 39 1.7963733526262386E9
12 40 4.363486901863309E8
12 41 1.4179882920247507E9
12 42 1.0474506072366292E9
12 43 5.844618764859893E8
12 44 2.0422802596670654E9
12 45 2.7245057404560614E8
12 46 6.463154334553676E8
12 47 4.065816166235054E7
12 48 2.7613111664816225E8
12 49 8.729584249728706E8
12 50 1.1860177764802797E9
12 51 7.137579993264731E8
12 52 7.919613932367767E8
12 53 1.981259597068878E9
12 54 1.009939131843336E9
12 55 3.342308853597062E8
12 56 9.526350515126206E8
12 57 1.5245719350122623E9
12 58 2.8510160596269035E8
12 59 4.6487716286705896E7
12 60 1.3251512400702667E9
12 61 1.4233828864589026E9
12 62 1.9162630058723464E9
12 63 2.5862622914645997E8
13 14 9.008002561146957E8
13 15 1.0665648919793676E9
13 16 5.679160323297517E8
13 17 9.177099835433892E8
13 18 9.716768574584323E8
13 19 2.9948482474734753E8
13 20 6.902958992937214E8
13 21 9.384061746275173E8
13 22 1.1239029374864142E9
13 23 1.2764603721975787E8
13 24 1.9397364721724182E8
13 25 4.9071518372828794E8
13 26 1.8814129280912368E9
13 27 1.8395217268841746E9
13 28 4.033399647706019E8
13 29 6.439312128109434E8
13 30 1.155835527736714E9
13 31 6.406028289529582E8
13 32 2.0232004224999473E9
13 33 1.8286135378374684E9
13 34 1.7919823621816945E9
13 35 1.8533773516558986E9
13 36 1.179429203534754E9
13 37 2.0939077854959314E9
13 38 2.0007426919888735E9
13 39 1.656158533524412E9
13 40 8.382365317848645E8
13 41 1.0889304536126482E9
13 42 1.8778896627548325E9
13 43 9.198727317702872E8
13 44 1.0691068231136259E9
13 45 3.143218938809273E8
13 46 2.0326485960278435E9
13 47 3.9459784854069066E8
13 48 6.400276227383242E8
13 49 1.7181161903282402E9
13 50 7.52292001128975E8
13 51 6.784462494785982E8
13 52 3.9202264659250015E8
13 53 5.161865920049794E7
13 54 2.918706835598204E8
13 55 4.2259721063403267E8
13 56 3.5204983558688396E8
13 57 1.833049980667697E9
13 58 6.405398736669363E7
13 59 1.411762363356448E9
13 60 1.8392205836265864E9
13 61 6.057077759495442E8
13 62 6.770483507364066E8
13 63 1.4622807933523118E9
14 15 6.220144738818293E8
14 16 2.977367281227391E8
14 17 4.249656862227659E8
14 18 1.4645072796144006E9
14 19 1.310339620167895E9
14 20 3.018800330034474E8
14 21 3.31068038345705E8
14 22 1.7109673104205263E9
14 23 1.1949088083671322E9
14 24 9.68272069099068E8
14 25 1.2986122208664868E9
14 26 1.7279870520593815E9
14 27 1.5050447986217377E9
14 28 3.431466796927449E8
14 29 1.8906121958226845E9
14 30 1.1372726073699024E9
14 31 1.817771786540705E9
14 32 1.5584749536621532E9
14 33 1.8393839944056778E9
14 34 1.7771425545779953E9
14 35 1.3679813448976994E9
14 36 1.206285511640928E9
14 37 1.7591000039811673E9
14 38 1.198553061280707E9
14 39 8.461220612488E8
14 40 1.3600957806066897E9
14 41 2.069885669897374E8
14 42 5.532730777628537E8
14 43 9.227615145699219E8
14 44 3.141355999239564E8
14 45 1.5889410511197765E9
14 46 1.2565147181348605E9
14 47 1.2912125844033911E9
14 48 3.1135548728331774E8
14 49 1.561138370190721E8
14 50 2.1377270670530005E9
14 51 1.437821478111548E9
14 52 2.5355123486008304E8
14 53 5.01578246904191E8
14 54 1.0946164610244496E9
14 55 2.2441803566238773E8
14 56 1.0991456083662004E9
14 57 2.0255087417382603E9
14 58 1.928887147509531E9
14 59 7.312116119181648E8
14 60 8.380771684885818E8
14 61 1.2725977671780508E9
14 62 1.504167032122253E8
14 63 2.689578466625201E8
15 16 7.472884254950515E8
15 17 8.847745912402843E8
15 18 2.0860912740974972E9
15 19 1.138121129585094E9
15 20 3.908831595459741E8
15 21 1.969025683604854E9
15 22 1.7927491317901876E9
15 23 8.416510991447439E8
15 24 1.6297980454752069E9
15 25 1.0164605265918054E8
15 26 4.143029430951921E8
15 27 9.571709136533686E8
15 28 2.0955977984983456E9
15 29 8.973803537931926E8
15 30 1.445717369432346E9
15 31 3.5871266906200415E8
15 32 1.5179957014693365E9
15 33 1.884772063078446E9
15 34 4.7943104000191075E8
15 35 8.579190757892456E8
15 36 3.2471456793834776E8
15 37 3.082441713076695E8
15 38 1.75390656487752E8
15 39 3.5428334350920326E8
15 40 1.1661388736438572E8
15 41 1.3183847834325504E9
15 42 1.0867566210652769E9
15 43 1.434322431112093E9
15 44 1.8490093364054806E9
15 45 1.2824422477178402E9
15 46 2.1400955024098945E9
15 47 8.497729500652192E8
15 48 2.0988357142473435E9
15 49 2.0470135842889443E8
15 50 1.1012059452992327E9
15 51 8.38020361135497E8
15 52 2.0768104744382446E9
15 53 2.0881391495875225E9
15 54 2.086705537268556E9
15 55 4.712861588868144E8
15 56 1.482056331673431E9
15 57 1.7321952812675576E9
15 58 2.9050581161378306E8
15 59 1.9621805715364344E9
15 60 2.1758936941676134E8
15 61 2.0976161220568204E9
15 62 1.8244611308402205E9
15 63 3.1688792864428073E8
16 17 1.4424973601602993E9
16 18 1.211839136686182E9
16 19 1.0314484204275893E9
16 20 5.288089967173524E8
16 21 3.622580035044541E8
16 22 1.0044620284192009E9
16 23 6.55437086523125E8
16 24 3.749153721386639E8
16 25 1.797112578091842E9
16 26 1.545191953607331E9
16 27 1.223977057884505E9
16 28 1.1312277398759978E9
16 29 1.8440049447473798E9
16 30 7.986504348459747E8
16 31 1.9144150480730538E9
16 32 1.4537367341904123E9
16 33 7.347231249651983E8
16 34 1.0206968604156748E9
16 35 1.5069311895451508E9
16 36 1.446110307047845E9
16 37 2.107725772139812E9
16 38 1.3139764371605177E9
16 39 9.983748689059656E8
16 40 3.5042289813929206E8
16 41 2.0806195886645591E9
16 42 3.5567376964233583E8
16 43 1.0140353411746159E9
16 44 1.3304542913359597E9
16 45 1.4932354032146633E9
16 46 2.655188131458017E7
16 47 2.5958508446354577E8
16 48 8.824081250454115E8
16 49 5.883853531953571E8
16 50 1.2764350295837476E9
16 51 1.5427446109973874E9
16 52 1.7139426582931485E9
16 53 2.0218057354673417E9
16 54 8.774769359690294E8
16 55 3.6381000887782894E7
16 56 1.6660601584312038E9
16 57 2.0414279680624392E9
16 58 1.6780766771323652E9
16 59 1.8907237155405948E9
16 60 1.6836919071712303E9
16 61 1.402376176671639E9
16 62 9.224542243313638E8
16 63 1.5319338890006573E9
17 18 1.519847030154205E9
17 19 1.9210818722581547E8
17 20 1.5323055778465717E9
17 21 1.1588308619366672E9
17 22 5.477695835022837E8
17 23 1.1905254708962386E9
17 24 1.457395278152348E9
17 25 1.9536115743350394E9
17 26 1.629632067750474E9
17 27 6.069499193175776E8
17 28 2.0362758820371256E9
17 29 2.9157596930649656E8
17 30 1.4633184472267032E9
17 31 1.3255239767804413E9
17 32 6.116258625341098E8
17 33 1.5171077597128906E9
17 34 1.330369627338501E9
17 35 1.6346603105535784E9
17 36 3.596351363974947E8
17 37 2.5283015759419826E8
17 38 8.670926143329171E8
17 39 1.0522960363777004E9
17 40 9.909538095204408E7
17 41 1.6541984676168585E9
17 42 2.075212635923443E9
17 43 1.6865308523472533E7
17 44 6.3718086455414444E7
17 45 6.6399395974566385E7
17 46 2.269001372360362E7
17 47 1.0021901886255614E9
17 48 1.3728083406428638E9
17 49 6.965835335136402E7
17 50 3.40178058691534E8
17 51 1.1515081197927024E9
17 52 1.9691235828730195E9
17 53 6.354322337043146E8
17 54 3.737077197732549E8
17 55 1.7433246532505982E9
17 56 1.3243049702611477E9
17 57 1.7146434017392704E9
17 58 1.4150845563451105E8
17 59 1.6708264680000339E9
17 60 9.143221443728925E8
17 61 1.464146881038197E9
17 62 7.634940947919282E8
17 63 1.0905990036669421E9
18 19 3.543725204567252E8
18 20 8.562072618502302E8
18 21 1.2178128265939028E9
18 22 5.795255818842261E8
18 23 1.4999125598173695E9
18 24 1.5645569205811052E9
18 25 8.665530636003003E7
18 26 1.592266471176994E9
18 27 1.8183014417752395E9
18 28 1.6286391340068035E9
18 29 1.0703190655650218E9
18 30 1.2463537184234354E9
18 31 2.02550386971845E9
18 32 1.3353574081972303E9
18 33 8.84411652248978E8
18 34 1.4921285165329168E9
18 35 1.7132244090342393E9
18 36 1.1077781740644395E9
18 37 1.9931715985050407E8
18 38 1.4388966820209448E9
18 39 1.589773490205654E9
18 40 5.89523051347389E8
18 41 1.342834145392582E9
18 42 9.853413176675E8
18 43 2.2420162607713705E8
18 44 1.2202500737114184E9
18 45 4.117431574032429E8
18 46 1.3405332334208112E9
18 47 2.1092563532291672E9
18 48 1.3289402984756029E9
18 49 1.970855941239882E8
18 50 2.881203041529906E8
18 51 7.105939955573797E8
18 52 3.723264492848449E8
18 53 1.644110566448557E9
18 54 2.0433056047870283E9
18 55 1.1706140775256236E9
18 56 7.789486958160303E8
18 57 9.269555266430328E8
18 58 9.382387486964835E8
18 59 9.058420481551759E8
18 60 2.119324119348786E9
18 61 1.1343831562254379E9
18 62 1.9070693131297944E9
18 63 8.528975562386523E7
19 20 1.5347244247413352E9
19 21 1.836535742884711E7
19 22 8.052498197304665E8
19 23 9.679919803791245E8
19 24 1.4239199870306528E9
19 25 1.4607375344367232E9
19 26 8.596396870124819E8
19 27 5.1271864591802156E8
19 28 1.7838031305236003E9
19 29 4.369655190625548E8
19 30 1.7435205019071128E9
19 31 2.0155743098550828E9
19 32 1.9304271918619096E9
19 33 1.4229618874803394E8
19 34 1.7746883152229013E9
19 35 6.2356729585256696E7
19 36 2.1203509031288633E9
19 37 1.8025055006749132E9
19 38 2.1133964450549142E9
19 39 1.5325658017546277E9
19 40 1.073460346192171E8
19 41 6.057764244253232E8
19 42 7.484964248424528E8
19 43 2.1166277858755262E9
19 44 1.5791573644163823E9
19 45 8.939053839837322E8
19 46 6.197786089062502E8
19 47 1.1529705077654426E9
19 48 1.4963946464120898E9
19 49 1.1070083889508817E9
19 50 1.5832165038967597E9
19 51 1.9666702480506842E9
19 52 1.1513489948637166E9
19 53 1.4460763663592345E8
19 54 1.9470416516544845E9
19 55 2.0702380257559834E9
19 56 1.6991083470131752E9
19 57 3.375256162076395E8
19 58 1.2685030152137864E8
19 59 2.0839474360002906E9
19 60 1.3684394796887195E9
19 61 8.498218923190175E8
19 62 1.7370936914918658E8
19 63 3.608295270367603E8
20 21 5.604378301772344E8
20 22 1.0012433015716099E9
20 23 6.211407323261782E8
20 24 3.659911243114563E8
20 25 4.055558689895374E8
20 26 1.2938195308569958E9
20 27 2.3903570828806576E8
20 28 1.490564310870584E9
20 29 4.34046072444931E8
20 30 1.7730457950023205E9
20 31 4.3909294391980566E7
20 32 9.581175793200735E8
20 33 1.8390353852737067E9
20 34 1.2149524242552805E9
20 35 8.315571659142199E8
20 36 7.948061836341159E8
20 37 8.041702567751133E7
20 38 8.00229623971073E8
20 39 1.523294368083062E9
20 40 1.1530617794207747E9
20 41 9.28268090497445E8
20 42 1.6780400204097257E9
20 43 4.550716027728386E7
20 44 1.8144715977830713E9
20 45 5.807283593184783E8
20 46 8.488150181687517E7
20 47 3.266151056091003E8
20 48 7.491433056629635E8
20 49 4.329108664862273E8
20 50 6.980576749444528E8
20 51 1.935990656867078E9
20 52 1.0253081845234132E9
20 53 1.5316037441283453E9
20 54 6.221413128698931E8
20 55 2.800906960201711E8
20 56 1.3275539144102585E9
20 57 1.3928628435774386E8
20 58 5.2831514239337647E8
20 59 4.932062991783477E8
20 60 1.1787488678408842E9
20 61 6.824714248885705E8
20 62 1.8100790343226075E8
20 63 9.009142930683794E8
21 22 2.1009323135907004E9
21 23 1.443415581318332E9
21 24 1.1351326969026288E8
21 25 1.8447342717151856E9
21 26 4.54017212912218E7
21 27 2.1241912973207593E9
21 28 1.8562482054560957E9
21 29 1.286751124119723E9
21 30 1.669747638815058E9
21 31 1.5552818695397472E8
21 32 4.32027589682163E8
21 33 2893254.2937369617
21 34 6.733524907033955E8
21 35 1.97776262172329E7
21 36 1.254653350508565E9
21 37 7.726079370497847E8
21 38 5.274968523905856E8
21 39 1.357304556886963E9
21 40 1.596516023131069E9
21 41 2.521812714517733E8
21 42 1.7635009466982145E9
21 43 2.0416803765290568E9
21 44 1.7264953036383888E8
21 45 5.242117868068389E8
21 46 1.840077295007566E9
21 47 4.8566528141930985E8
21 48 1.18358827541863E9
21 49 1.2509456652373473E8
21 50 3.154640446746474E8
21 51 4.5065208190761834E8
21 52 6.698632203117841E8
21 53 3.648904007597598E7
21 54 2.119114894625991E9
21 55 2.0553271935340195E9
21 56 1.652663546918782E9
21 57 1.6602454416898317E9
21 58 5.797464156661968E8
21 59 1.1515615849458525E9
21 60 5.521035580232357E8
21 61 2.224758602278318E8
21 62 4.5312135983971983E8
21 63 1.940328300375292E9
22 23 8.912738237531223E8
22 24 3.245516890578017E8
22 25 2.664285862196764E8
22 26 4.075705581152076E8
22 27 1.0766778035616906E9
22 28 1.692541373485517E9
22 29 1.8101338457454576E9
22 30 1.4055171920787714E9
22 31 5.904851313938848E8
22 32 1.7448419405859103E9
22 33 6.594216981987295E8
22 34 1.2944226761444426E9
22 35 1.7226039588812714E9
22 36 2.455785429933425E8
22 37 1.1997791910939007E9
22 38 1.3567866775729182E9
22 39 1.1189846283293512E9
22 40 1.9669724624057975E9
22 41 1.9228632751644356E9
22 42 1.4521935693363533E9
22 43 3.5482989290079755E8
22 44 1.4580407202209315E9
22 45 4.440860512503909E8
22 46 9.776320737226113E8
22 47 1.4933786177565448E9
22 48 6.414104488537567E8
22 49 1.257673491735348E9
22 50 1.9283575306851974E8
22 51 4.685683019938141E8
22 52 1.6316454058863153E9
22 53 3.215717342424224E8
22 54 1.8341646409360642E9
22 55 2.104279277016053E9
22 56 1.1069909332690427E9
22 57 1.3657445030793078E9
22 58 5.442812184741668E8
22 59 1.9669253994844165E9
22 60 1.0090383213316021E9
22 61 1.580316272921347E9
22 62 1.8877117621061542E9
22 63 1.9521783312338176E9
23 24 1.2735506093678036E9
23 25 7.088846004393733E8
23 26 1.6760876640492342E9
23 27 1.8539953564887187E9
23 28 1.8869485840348191E9
23 29 1.6079654800156167E9
23 30 8.982294365072569E8
23 31 2.011330056384741E9
23 32 1.2158483507512267E9
23 33 2.0110184243462152E9
23 34 1.3108047126817498E9
23 35 1.697692378191808E9
23 36 6.278111386915134E8
23 37 2.0007643116029155E9
23 38 5.839172620186793E8
23 39 1.1069327687429488E9
23 40 2.4096224885649672E8
23 41 8.270886699193157E8
23 42 3.448213113495958E8
23 43 2.0735943634000256E9
23 44 2.875728190497132E8
23 45 2.0084023072785134E9
23 46 6.191664627957867E8
23 47 1.2925399994335535E9
23 48 1.825380720409157E9
23 49 2.908371354093191E8
23 50 2.918407674827689E8
23 51 1.2451645019584265E9
23 52 2.4730949643183842E8
23 53 6.12965149047196E8
23 54 6.797763872599155E8
23 55 1.596797378550766E9
23 56 2.577192481854675E8
23 57 2.053750249883875E9
23 58 1.8788726917362206E9
23 59 8.40203259373251E8
23 60 1.3775303166271548E9
23 61 4.7238505871610975E8
23 62 2.1013781490281665E9
23 63 3.476628420571923E8
24 25 6.692764666433553E8
24 26 1.2737363637093182E9
24 27 7.765972746693753E8
24 28 3.4541662372925955E8
24 29 1.3764077205883691E9
24 30 1.0532042683158642E9
24 31 1.1063890841541724E9
24 32 1.0493327544291666E9
24 33 1.1746292173054963E8
24 34 1.164070387230532E9
24 35 6.051501855784216E8
24 36 1.4325643677417734E9
24 37 5.57197851115952E8
24 38 1.026589278827239E9
24 39 4.5143327380093277E8
24 40 1.441008757629578E8
24 41 1.8054115509284952E9
24 42 8.72987927801335E8
24 43 1.6162216024774656E9
24 44 7.168487465332599E8
24 45 2.422830134637909E8
24 46 4.7363591624083704E8
24 47 3.120397402168118E8
24 48 2.1002381988066983E9
24 49 1.9139618153406386E9
24 50 1.195493825067736E9
24 51 1.2986434299746442E9
24 52 1.6246832354743133E9
24 53 8.045767854975918E7
24 54 4.253249427270284E8
24 55 6.252613866357902E8
24 56 4.296730671328761E8
24 57 7.282331793836831E8
24 58 1.4137745015640238E8
24 59 7.418386935392898E8
24 60 1.4229243471788704E9
24 61 1.1409504372048E9
24 62 2.0943275064435287E9
24 63 4.0308942947306633E8
25 26 1.2150729774162338E9
25 27 8.355792339039753E7
25 28 3.124220311706838E8
25 29 3.909585994062424E8
25 30 1.92832540493505E8
25 31 6.997096916441172E8
25 32 1.0279553325795352E8
25 33 1.5412435729371014E9
25 34 9.065612335319203E8
25 35 1.232024442182586E9
25 36 1.186542146146537E9
25 37 1.5766586301133997E9
25 38 1.759489814070646E9
25 39 1.6775727010940654E9
25 40 1.0543650184126998E9
25 41 1.5624714109291997E9
25 42 3.3637956493873805E8
25 43 5.87881878422801E8
25 44 1.4830620043706937E9
25 45 6.74565099418602E8
25 46 7.465900218655642E8
25 47 9.726697825833713E7
25 48 5.512233979094856E8
25 49 1.07254819385172E9
25 50 2.145209524562327E9
25 51 6.742827303033992E8
25 52 8.129958017134131E8
25 53 1.9410597080919437E9
25 54 2.0029990836469665E9
25 55 3.624101210570347E8
25 56 4.703354781409042E8
25 57 7.044336336960113E8
25 58 1.6277620681431324E9
25 59 4.4361744988153094E8
25 60 1.0924810383781726E9
25 61 4.469536848296057E8
25 62 1.0727504863610482E9
25 63 1.3243612938222272E9
26 27 6.73419503046331E8
26 28 1.5176175465311658E9
26 29 8.694681397640023E8
26 30 5.475285591186606E8
26 31 1.4445189122062477E8
26 32 8.841263792853035E8
26 33 9.459012839388427E8
26 34 1.8663494348835816E9
26 35 7.938705948195239E8
26 36 1.8817210932646847E9
26 37 1.421046907022249E9
26 38 1.687502533433208E9
26 39 5.15281070539179E8
26 40 1.1181210699654424E9
26 41 1.2781081798867106E9
26 42 1.09244430227664E8
26 43 1.0360560339452684E9
26 44 1.590161147296147E9
26 45 1.4075369061028969E7
26 46 4.836135383249064E8
26 47 1.2354158729895442E9
26 48 8.93064712484076E8
26 49 2.0303513957498193E9
26 50 1.6823990816645017E9
26 51 4.9214784092402786E7
26 52 8.642341044349804E8
26 53 1.6201363214248798E9
26 54 7.207652343794721E8
26 55 9.194459300255761E8
26 56 2.1428675254237604E9
26 57 1.740080657288448E9
26 58 1.500252161685007E9
26 59 1.3599654131405752E9
26 60 1.7722019452034223E9
26 61 2.6848217945425814E8
26 62 3.8658941271217406E8
26 63 3.357227380187756E8
27 28 1.1178527979839763E8
27 29 1.2366989359569688E9
27 30 6.590186499428463E8
27 31 1.7295920593680701E9
27 32 7.974791203957702E8
27 33 9.805921126839218E8
27 34 1.3513776946589053E9
27 35 1.702455827958781E9
27 36 1.531518924864164E9
27 37 5.288500660253436E8
27 38 3.455791340443577E8
27 39 1.9111417165780506E9
27 40 4.8159642051500964E8
27 41 2.098047798460003E9
27 42 1.030462066273344E9
27 43 3.56598313387198E8
27 44 1.4121995197746136E9
27 45 7.50168546432981E8
27 46 1.0868982770801046E9
27 47 1.3613430526905613E9
27 48 2.0324959484579184E9
27 49 1.698427891740612E9
27 50 1.068261814938798E9
27 51 1.4859270579671085E9
27 52 8.653313063260546E8
27 53 2.112182494214801E9
27 54 1.8454334780816615E9
27 55 1.2762522510776317E9
27 56 1.4551239025697377E9
27 57 2.1364796617948203E9
27 58 2.0480881061533306E9
27 59 6.62313123840607E8
27 60 7.372662827892895E8
27 61 8.73515030893437E7
27 62 4.4531732033722675E8
27 63 5.421414266882968E7
28 29 1.5607406259395046E9
28 30 1.6959904826486012E8
28 31 1.0133126242967577E9
28 32 5.950357076767051E8
28 33 8.579343225738142E8
28 34 1.9094445835487745E9
28 35 1.6459362242496533E9
28 36 1.863356246046024E8
28 37 1.208631473557141E9
28 38 5.564454980639058E7
28 39 5.324401529381115E8
28 40 1.7683928420619469E9
28 41 8.866856092205684E8
28 42 1.159869285406208E8
28 43 1.0616917791704931E9
28 44 1.0143831099647539E9
28 45 9.801827567033905E8
28 46 1.648636326271671E9
28 47 2.0702752029921644E9
28 48 1.8014990626360815E9
28 49 1.4214568219693341E9
28 50 1.4556510615810921E9
28 51 1.7104327313936486E9
28 52 1.7250094658493981E9
28 53 5.97650229693699E8
28 54 1.9541075431504867E9
28 55 2.0614003357836053E9
28 56 2.5032282712513715E8
28 57 2.79375555896871E8
28 58 1.7144231008898203E9
28 59 2.508312052422245E8
28 60 8.313828028397373E8
28 61 4.4403919084713125E8
28 62 1.8981070487336657E9
28 63 1.0291192638274676E9
29 30 1.8139228181742349E9
29 31 8.686262263718871E8
29 32 1.562193153885871E9
29 33 7.649337099321754E8
29 34 4.0499552461600184E8
29 35 7.500341983014184E8
29 36 2.0107873982140412E9
29 37 1.2266775688439144E8
29 38 7.062931226324942E8
29 39 7.161456663229375E8
29 40 1.4449996213486016E8
29 41 6.623521696463388E8
29 42 2.3498329725990278E8
29 43 1.1407214930452294E9
29 44 1.3271551766896906E9
29 45 7.845549215993283E8
29 46 3.5905903069236654E8
29 47 1.7670338465653417E9
29 48 3.1779415158703023E8
29 49 1.1936168440024529E9
29 50 1.9888930935189354E9
29 51 1.6242341422887607E9
29 52 1.4595292907843046E9
29 53 1.744486097822702E8
29 54 7.50568591035745E8
29 55 8.565714361832178E8
29 56 1.981398365696123E9
29 57 1.107800929848749E9
29 58 1.0360370310598805E9
29 59 1.9887098304373506E8
29 60 1.1532544503495255E9
29 61 1.2826929461396027E9
29 62 1.0429204889193406E7
29 63 8.969880177127231E8
30 31 1.298400563758893E9
30 32 1.245875251070712E9
30 33 2.113498400488845E9
30 34 2.119463292533911E9
30 35 1.5338266854640982E9
30 36 1.3688423520146737E9
30 37 1.6508335196406355E9
30 38 1.0613083462259988E8
30 39 1.2496886525651097E9
30 40 1.1534820328426068E9
30 41 1.0624465706651893E9
30 42 5.660586658071855E8
30 43 1.9882690506946816E9
30 44 2.068790694461728E8
30 45 2.1330225784198532E9
30 46 8.939190533381146E8
30 47 8.474965971978858E8
30 48 1.5459427655073597E9
30 49 2.1008234875866787E9
30 50 6.640142886703937E8
30 51 1.5202053243331594E9
30 52 1.4361740296029143E9
30 53 5.860963987951325E8
30 54 1.1024437028044872E9
30 55 1.7386665315741823E9
30 56 1.2253811350183897E9
30 57 1.0488987318732115E9
30 58 4.2767017981789297E8
30 59 1.6275967750752962E9
30 60 1.8147663640361726E8
30 61 1.7809971488403536E7
30 62 1.6994045333359058E9
30 63 5.977399100653288E8
31 32 1.2090342496269882E9
31 33 7.525301406264588E8
31 34 1.650435533775029E9
31 35 8.465282633555838E8
31 36 3.421162888027892E7
31 37 2.106118198761219E9
31 38 1.1369370262462158E9
31 39 6.713715512874042E8
31 40 1.4474085812488306E9
31 41 9.31786873192764E8
31 42 1.8944238250275736E9
31 43 1.7060707383031187E9
31 44 2.0925029365937295E9
31 45 3.44587346873913E8
31 46 8.118446245073826E8
31 47 1.2105042759013236E9
31 48 1.8176110516932268E9
31 49 1.8562267711066477E9
31 50 8.740217114582344E8
31 51 1.9839951260333576E9
31 52 1.636009943159969E9
31 53 4.739824557702844E8
31 54 1.5029654274318173E9
31 55 1.3730235080124714E9
31 56 2.867046866886921E8
31 57 1.6554484422422578E9
31 58 1.3775566159613214E9
31 59 6.720412577405916E8
31 60 6.312469696958761E8
31 61 1.0324460898901492E9
31 62 1.2630451141246617E9
31 63 2.0293906025097299E9
32 33 1.0041615553884392E9
32 34 1.970147834950109E9
32 35 4.404844418566713E8
32 36 2.0419310080598602E8
32 37 1.850253585742881E9
32 38 5.375416477621067E8
32 39 1.4843905262021253E9
32 40 1.7804403143373936E8
32 41 5.221998217893845E8
32 42 6.785582127064586E8
32 43 1.3801273814739232E9
32 44 2.070667652886026E9
32 45 3.144787319772021E8
32 46 1.7135400687788582E9
32 47 4.771630650219681E8
32 48 1.2789977482142413E9
32 49 3.3655823324826044E8
32 50 3.6214698455265874E8
32 51 5.294532610282322E8
32 52 2.0671303666962147E9
32 53 1.1975139927652326E9
32 54 8.9407088730743E8
32 55 1.6806809644222245E9
32 56 1.8901172336634243E8
32 57 2.1353347020284278E9
32 58 1.581771458351833E9
32 59 1.8285040186585233E9
32 60 5.554557049548677E8
32 61 1.5153857433726776E9
32 62 6.59250505036637E8
32 63 1.887945808714258E9
33 34 3.017807798554884E7
33 35 6.624456645609839E8
33 36 2.1119747996402142E9
33 37 1.2998039162493749E9
33 38 6.995493087018445E8
33 39 1.7152208538603184E8
33 40 5.51412471214135E8
33 41 5.624059504262459E8
33 42 1.4216866331314073E9
33 43 3.765517698537572E8
33 44 1.956531296004963E8
33 45 2.0825495904076252E9
33 46 3.8887359895706254E8
33 47 5.2864983465499014E8
33 48 7.073273791754034E8
33 49 9.958814590431831E8
33 50 2.6810177993960422E8
33 51 1.0187871742317861E9
33 52 4.181969274345346E8
33 53 9.781695517147981E8
33 54 1.2790590154336405E9
33 55 2.815182918143908E8
33 56 9.458219631700352E7
33 57 3.6324892373950255E8
33 58 6.220987580523614E8
33 59 8.187177113428712E8
33 60 2.0097264631627476E9
33 61 1.8133458801264403E9
33 62 9.337958667705088E8
33 63 4.484405001942782E8
34 35 1.6414289024164553E9
34 36 6.260936408504014E8
34 37 2.84355204706973E8
34 38 3.28277411117986E7
34 39 1.4605211626275551E9
34 40 1.9417958831394625E9
34 41 1.1610643034993353E9
34 42 1.412003565676683E9
34 43 5.790628639510763E8
34 44 1.907448181577972E9
34 45 1.8294443925723321E9
34 46 9.316117710768259E8
34 47 1.0694224492282032E9
34 48 1.822196627098581E9
34 49 1.7491239627106092E9
34 50 1.7208103188077118E9
34 51 1.571637331818127E9
34 52 6.261481871782285E8
34 53 1.3517169491732824E9
34 54 8.882154952920234E8
34 55 5.494773656643162E8
34 56 9.967747676295339E7
34 57 8.84160305133725E8
34 58 8.686010782235426E8
34 59 1.2245270366086056E9
34 60 1.838228136251209E8
34 61 1.0382463149264467E8
34 62 1.5282465397290702E9
34 63 8.915661987155209E8
35 36 1.5796854680040967E9
35 37 4.460380280959132E8
35 38 1.3615231651989143E9
35 39 1.947242123337037E9
35 40 1.7322179144976358E9
35 41 9.855494720907627E8
35 42 1.6026707568620903E9
35 43 8.315061288344852E8
35 44 1.5953904242561908E9
35 45 2.030579055574859E9
35 46 1.626220340876711E9
35 47 1.2776977642795997E9
35 48 1.0674796955860728E9
35 49 1.7695951338324072E9
35 50 1.9121240678691287E9
35 51 1.1627318780807188E9
35 52 1.0009803410898522E9
35 53 1.558491308309854E9
35 54 1.9130555794872284E9
35 55 9.56628943229314E7
35 56 1.0550288624635913E9
35 57 1.7828364840608842E9
35 58 1.7557150336338599E9
35 59 4.612696486724729E8
35 60 1.3333698760304782E9
35 61 1.6053631316863244E9
35 62 7.884953076157227E8
35 63 6.756384669759632E8
36 37 1.334011690191228E8
36 38 6.436892168091956E8
36 39 1.274004527481122E9
36 40 6.8633110018409E8
36 41 1.0886763394922516E9
36 42 9.944662948585794E8
36 43 1.1497434203268273E9
36 44 4.260252529471196E8
36 45 1.7341649316977422E9
36 46 4.0538432038808554E8
36 47 9.703984053298694E8
36 48 8.545348441661428E8
36 49 1.7117860124489E9
36 50 1.1878782853256238E9
36 51 1.3442739770443976E8
36 52 5.832136209392312E8
36 53 1.9450658669445908E9
36 54 1.5169704134408288E9
36 55 9.69478703697139E8
36 56 4.723074667157072E8
36 57 2.2195066321230617E8
36 58 8.288262149248774E8
36 59 1.1203648811566705E8
36 60 2.739746510645047E8
36 61 1.327251368098445E9
36 62 7.306036123045957E8
36 63 9.60185752736623E8
37 38 5.881478572741143E8
37 39 1.7687991414400594E9
37 40 1.864635596958647E9
37 41 1.171269472257425E9
37 42 5.834948900318927E8
37 43 1.4349503537310245E9
37 44 1.7680416872682393E9
37 45 1.6115188824544483E8
37 46 1.6007286726795237E9
37 47 5.067396724304471E7
37 48 1.8244123729181929E9
37 49 4.7883285979428566E8
37 50 8.535938210092064E8
37 51 8.099480021781355E8
37 52 7.040044480663527E8
37 53 1.4773242203227248E9
37 54 1.790646179251661E9
37 55 7.656097580141615E8
37 56 1.0495501020202347E9
37 57 7.997780371461643E8
37 58 3.7305610812315576E7
37 59 1.46509687275874E9
37 60 9.027314156994349E8
37 61 9.315658071135386E8
37 62 1.0805011154360676E9
37 63 5.933829313492675E8
38 39 5.2493256352074003E8
38 40 9.41568306734444E8
38 41 1.4404930798237803E9
38 42 9.007561789280459E8
38 43 1.211788025420013E9
38 44 1.9738534908218553E9
38 45 3.2478512285200454E7
38 46 1.0017488518143962E8
38 47 8.553128615208392E8
38 48 1.5504778097451267E9
38 49 3.906775687932579E8
38 50 1.0694961763607124E9
38 51 4.3829124747455895E8
38 52 3.182810409260519E8
38 53 1.8093343768037302E9
38 54 6.452419639996464E8
38 55 5.833174637297096E8
38 56 9.62546642176098E7
38 57 1.4821351054220276E9
38 58 1.8167657547102635E9
38 59 1.5400535479410553E9
38 60 1.459064715280595E9
38 61 1.7392477859353797E9
38 62 3.30366745772926E8
38 63 1.1723307133992763E9
39 40 9.574581060176741E8
39 41 9.140282133839775E8
39 42 5.491839605408044E8
39 43 1.648498902752039E9
39 44 4.0963206753749114E8
39 45 1.2014760587186463E9
39 46 2.7476820195116454E8
39 47 7.445810693955667E8
39 48 4.8475728300328815E8
39 49 9.717177251854E8
39 50 1.0916342116771336E9
39 51 1.8217160197429802E9
39 52 1.9221183520710866E9
39 53 1.482241919888753E9
39 54 8.227649456635654E8
39 55 3811790.121571564
39 56 1.9456321164418104E9
39 57 1.8317010090159333E9
39 58 8.714722109693432E8
39 59 9.592410831583244E7
39 60 1.0676755673398249E9
39 61 3.591469849531703E8
39 62 4.061070398590522E7
39 63 1.3591158287564452E9
40 41 1.9741515204871933E9
40 42 1.593566524929999E8
40 43 1.266957132218006E9
40 44 6.599741920576E8
40 45 1.3611762013685446E9
40 46 1.8243730145180547E9
40 47 9.533419288976729E8
40 48 2.1307387380259008E9
40 49 2.080446432757768E8
40 50 8.832261929520812E8
40 51 5.945413947560374E8
40 52 1.647419752403766E9
40 53 2.1218767947849147E9
40 54 5.016814403929459E8
40 55 1.496095813001787E8
40 56 4.3539392646863395E8
40 57 5.802861519492654E8
40 58 1.8217941056851723E9
40 59 6.134845259333272E8
40 60 1.8869727031864257E9
40 61 1.1151105515936074E9
40 62 1.633339067751066E9
40 63 1.7862983932167354E9
41 42 6.732497349136243E8
41 43 1.1865774106634889E9
41 44 1.5699121552797637E9
41 45 2.1285533165002406E9
41 46 9.17037790656967E8
41 47 1.0748909346217883E9
41 48 6.110151773725677E8
41 49 6.298764240459975E8
41 50 1.7806527396331582E9
41 51 2.517459703915297E8
41 52 2.1319884679606903E9
41 53 1.6818012963607267E8
41 54 1.4666291933231452E9
41 55 6.54244002319534E8
41 56 1.1803903557480717E9
41 57 7.148569734895575E8
41 58 1.3416454013864136E9
41 59 1.1578006020798206E9
41 60 1.9482549595871928E9
41 61 4.897390671185583E8
41 62 5.1952274669039017E8
41 63 2.790827163487574E8
42 43 1.6622307385698383E9
42 44 1.4451547605248923E9
42 45 1.9435674413184543E9
42 46 3.3249864465800967E7
42 47 1.2670991337075357E9
42 48 2.435773728805263E8
42 49 7.12524532747197E8
42 50 2.3121523414424294E8
42 51 1.476122071887917E9
42 52 1.6125920865447495E9
42 53 2.5645036742947373E8
42 54 6.970574561572765E7
42 55 1.5511298748235261E9
42 56 7.183603319497954E8
42 57 1.3411650957844367E9
42 58 1.0352062653803809E9
42 59 1.3330329519586189E9
42 60 1.476718197534074E9
42 61 2.1298101700791373E9
42 62 6.318993459912318E8
42 63 4.688691967672736E8
43 44 3.680759225184013E8
43 45 1.7974415118884366E9
43 46 1.7282939140271964E9
43 47 1.0645187105626533E9
43 48 7.668483239055611E8
43 49 1.6313398274085855E8
43 50 2.105905391603219E9
43 51 1.7407026418425395E9
43 52 6.097770636372526E8
43 53 1.408977538197669E9
43 54 7.193723674292681E8
43 55 1.7407323313202736E9
43 56 1.7415156633649373E9
43 57 1.0670799939708637E9
43 58 1.395248020561703E9
43 59 1.6625335411330183E9
43 60 1.583437478782307E9
43 61 1.660679841762897E9
43 62 1.849520515911268E8
43 63 2.0864102702807786E9
44 45 1.207597271927057E9
44 46 1.6907219923068783E9
44 47 7.560732960801691E8
44 48 5.668026021298898E8
44 49 2.109388098288362E9
44 50 1.3696889960061684E8
44 51 4.544960226027304E8
44 52 1.2157078358137064E9
44 53 1.0354038389539101E9
44 54 2.105600949561287E9
44 55 1.659835850743059E9
44 56 2.1180597775809958E9
44 57 1.4358036593965566E9
44 58 4.1927374527964306E8
44 59 1.439172349888609E9
44 60 9.162785435790733E8
44 61 6.708986888356376E8
44 62 7.928122347236043E8
44 63 1.005975469594974E9
45 46 3.843685762139735E8
45 47 9.055802104116699E8
45 48 4.333233261306797E8
45 49 7.776460117142718E8
45 50 1.249860894103993E9
45 51 1.0759360168564421E8
45 52 1.2680911954371068E9
45 53 1.1014791103601866E9
45 54 2.5984907473569876E8
45 55 2.0613309542153218E9
45 56 1.7345350139187198E9
45 57 3.842416291334734E8
45 58 9.533768842430279E8
45 59 1.5153498401709037E9
45 60 2.0346710787644637E9
45 61 2.6393809585105488E8
45 62 1.3864220162603781E9
45 63 3.9158278513115925E8
46 47 1.1522912895681207E9
46 48 1.4094235553099275E9
46 49 1.7765164335496073E9
46 50 4.076673363485529E8
46 51 2.726180277072134E8
46 52 1.6105777337393785E8
46 53 8.137368420686345E8
46 54 2.279302048881285E8
46 55 1.9126952432801936E9
46 56 3.716667738970669E8
46 57 1.3962654093358657E9
46 58 7.155897161298635E8
46 59 1.5555116916939304E9
46 60 2.111938829691199E9
46 61 1.4536617753499293E9
46 62 1.6778471861779215E9
46 63 2.918878331331557E8
47 48 1.9041451869094427E9
47 49 8.878970669482384E8
47 50 6.263921197426896E8
47 51 5.0492455400192314E8
47 52 1.6195420488478966E9
47 53 1.0376827933306682E9
47 54 1.209040974052698E9
47 55 1.0256441440042877E9
47 56 1.8195105972693527E9
47 57 1.7292088975361588E9
47 58 1.8087913753134832E9
47 59 9.092386708273094E8
47 60 1.6780371669217513E9
47 61 1.2469390059403286E9
47 62 7.934627891591666E8
47 63 1.421204573404136E9
48 49 2.107087264962298E9
48 50 6.3912756341205455E7
48 51 6.94005654439971E8
48 52 4.8880531146831065E8
48 53 1.5110986595049875E9
48 54 2.059564241917959E9
48 55 1.7286086215551305E9
48 56 6.182836085626118E8
48 57 1.9020788184848576E9
48 58 1.5193429452840369E9
48 59 4.757586453755851E8
48 60 1.3177926458366132E9
48 61 1.6859440984766426E9
48 62 5.839683380113876E8
48 63 5.9280316460458E8
49 50 7.887576288568227E8
49 51 1.3450508600185769E9
49 52 9.536224243764632E8
49 53 1.4248144931967452E9
49 54 7.575740326163276E7
49 55 5.127884173739314E8
49 56 1.2986587446714897E9
49 57 1.0330637881974348E9
49 58 1.961141447420485E9
49 59 2.099732891513462E9
49 60 8.933172262359924E8
49 61 6.649448980740827E8
49 62 8.856737373025347E8
49 63 1.2593125242126977E8
50 51 5.891915439385403E7
50 52 1.9339214832900236E9
50 53 1.282769773524759E9
50 54 1.718956022614677E9
50 55 1.2255598777302024E9
50 56 8.818465855187014E8
50 57 1.6902300220328465E9
50 58 3.7737669702554184E8
50 59 1.4042956776101918E9
50 60 3.6185689751239854E8
50 61 1.6270189560703526E9
50 62 1.0602499591160327E9
50 63 6.196743985282756E8
51 52 5.6109527224567674E7
51 53 1.4435268501251128E8
51 54 1.2944444296211453E7
51 55 3.88693766781834E8
51 56 9.722416753385772E8
51 57 6.30037320280733E8
51 58 1.5398213263738663E9
51 59 1.2980845970870445E9
51 60 1.420201899878126E9
51 61 1.114279835912222E9
51 62 1.5153822228988667E9
51 63 2.7819684009766096E8
52 53 4.8022464706580406E8
52 54 4.978000654362963E8
52 55 1.762759886864901E9
52 56 7.232220843488879E8
52 57 1.7719287270562327E9
52 58 1.9679260845048842E9
52 59 1.5034749823007934E9
52 60 5.596350999288043E8
52 61 8.573709959892839E7
52 62 4280352.239333376
52 63 1.456707955821682E9
53 54 1.548661931178828E9
53 55 5.655551660834992E8
53 56 1.0976285574890478E9
53 57 6.526243152171733E8
53 58 1.90895360494247E9
53 59 4.954129517859887E8
53 60 1.5053599271496384E9
53 61 1.8457454876291828E9
53 62 8.526248483181641E8
53 63 1.8716951704701438E9
54 55 4.913063103591519E8
54 56 1.067250203816495E9
54 57 1.4337215352722222E8
54 58 1.293084657801102E9
54 59 1.9054634047806032E9
54 60 7.28048557416173E8
54 61 1.8132339533819923E9
54 62 1.161291441301439E9
54 63 1.6222247812874303E9
55 56 3.744267169937777E8
55 57 1.8477418679320734E9
55 58 1.1775828178207467E9
55 59 1.4752819071956406E9
55 60 3.851036010249442E8
55 61 1.3274723511779535E9
55 62 9.454884046998546E8
55 63 9.068778347323148E8
56 57 9.34968665770199E8
56 58 4.130948442717262E8
56 59 4.184047929895361E8
56 60 5.3131160469478273E8
56 61 1.8899734052929869E9
56 62 2.1019378293735516E9
56 63 1.0558267582309855E9
57 58 1.0730605823818728E8
57 59 1.5654505436277165E9
57 60 2.0861082273003058E9
57 61 9.742385284215764E8
57 62 1.7694453284312947E9
57 63 7.211712773302099E8
58 59 1.6436000802893896E9
58 60 8.036838287436211E7
58 61 3.464006296413172E8
58 62 1.978534673337287E9
58 63 1.0390320376059326E9
59 60 2.5619870773349997E8
59 61 7.450341794814956E7
59 62 1.2730544202253008E9
59 63 1.3099472653456628E9
60 61 2.0585612129302316E9
60 62 4.81219687646835E8
60 63 1.2937332245892642E9
61 62 5.749940906284746E8
61 63 8.243055423552713E8
62 63 1.465198034742087E8
